106
92
7
186
4
107
45
18234
29
272
28
30
5445
269
4676
33
115
23148
267
268
28547
128833
109
79468
117
5
200
17954
13
78
20947
154
108
126
289
34
49
166853
18
195
63
418
35920
59
230817
120020
16613
351
74
169424
385
333
111174
122
12146
281
5223
307
4691
204
149
80
25982
73837
149671
364960
28075
370
195154
453
157
39538
57
19
75
5238
210
156
91
69
15743
2
186224
408
11719
10
208
380
103
26032
239296
17304
15718
40032
64201
46107
164
164793
46
11005
440
25130
7199
340
14
376
273
73345
7715
23301
194
143196
24249
65
47903
7755
23442
96550
207
339
36742
199285
27111
5031
20
19190
45313
68
9728
203
54013
90932
6
337
127652
57478
201383
115459
25
276
90
26830
381
6352
12582
76783
23484
5033
185152
32403
22246
124
128044
21046
4667
150
16751
15289
163
103660
28087
112144
130
44949
216359
197213
145
25288
51086
202
79304
10869
143096
23140
20747
4925
22
133870
478
136591
26708
6700
274
206478
10880
61
21777
342
172187
216
377
447
64417
80093
24929
26537
23704
321
158539
12
322
137
33471
295
466
223533
138657
118
169318
119
47
172785
252
16901
7003
379
162371
35116
16549
112854
144187
136034
79946
303
16215
5272
22132
158
48
254853
38979
25210
122567
6166
62
257518
6627
35533
6488
22881
346
353
29582
82
5143
19408
232753
5096
22188
114
190
30187
57864
13641
301
44136
12339
60
12291
143228
42741
21076
5492
382
21535
205956
9602
123847
19895
28987
26157
16830
23684
194929
348
134143
216839
271
43041
16119
99418
83357
133527
338
5083
124858
10644
296
79171
135215
13919
29184
122840
214
22661
17862
26063
71287
111718
134
189
14204
143402
24967
74847
136670
189116
17258
95121
112893
69131
128076
13500
22891
99807
23861
60687
248610
192
194438
173204
294
210320
15260
83366
97166
25878
233142
76050
88695
135883
21650
86986
18751
12454
86956
364949
115652
6953
11437
31103
124449
11279
40210
25901
23460
450
143700
112049
63070
26576
35
129
18433
120
130440
124215
45914
75315
6471
178209
357
22469
378
51904
26305
10199
64206
63207
28466
101354
91668
31250
104514
180938
11489
275
409
71
166750
140
25091
23300
297
49368
465
30319
15197
121970
9722
136025
106635
96
89786
27238
254
162146
231250
216261
27060
25900
211
208424
200688
44687
18727
19418
23183
76792
187
4801
69363
96624
30841
12721
406
30443
25888
11702
85253
19789
16715
16912
384
138
4706
223132
46736
16103
9132
8931
36239
23986
280
142
78656
223176
85848
10751
166
6333
41198
161
131028
21507
27589
20313
97047
317
4806
9646
14950
12233
21113
52650
95889
217930
62931
27084
27980
217895
28933
69747
26959
175
9316
16801
25743
7787
264
5144
22772
137316
130364
11517
143894
49991
178700
28311
12871
23003
6807
163749
30120
123025
80779
22140
18339
258336
72146
246602
20870
174
180
58624
73167
83657
28792
171431
438
23528
25928
193725
445
14051
41701
28850
248951
107968
18706
5517
306
6574
10480
25166
17653
106559
125072
29490
8902
185743
70134
19777
6674
112778
199
256209
86741
35875
91184
9513
16604
49122
21037
25189
12203
391
106952
123399
13659
390
16850
401
41288
38574
141
19928
136294
116907
14659
20694
184
131
26283
77955
181338
200016
118176
30210
16814
164159
134897
328
46755
402
174171
15292
13513
14773
19640
63959
13006
118792
19436
72881
30140
26406
70963
13267
10611
6458
201138
21877
5373
20317
24981
97780
345
106824
42623
17113
134433
232980
56797
29953
58779
9451
106844
4635
81
5131
74438
55614
24206
39554
365083
124851
135
364955
20774
53080
23023
27093
111159
5042
240576
13526
89
4857
147079
22933
15011
24323
117307
47509
143909
31998
26895
87593
13913
106159
21116
359
21726
8510
64597
16208
159
80869
15394
15073
9982
425
16671
22720
16761
62494
131416
25500
76575
20379
11131
27748
9937
16951
254524
5221
62572
22901
154052
215559
24057
7520
96334
129573
10748
4734
103687
84188
85319
20606
6278
8601
131624
47539
26712
10204
76713
86758
14443
141623
9460
122861
33898
74455
146172
9763
4642
80837
7574
10473
11334
78719
112652
17407
85965
433
112735
124264
136028
69794
20850
162
16194
5694
26899
23739
151619
30128
143983
91175
40222
18731
28763
20271
187163
22348
12152
68019
15068
415
305
52312
29364
18396
77136
5320
109173
89775
443
157390
5446
6936
179814
18720
23794
41287
22392
62160
62501
473
231065
12999
118138
170838
215102
99090
304
61985
4494
7602
38624
4466
30755
101474
7829
31017
5242
8479
352
257814
64464
199252
20982
28891
4991
432
159292
20000
477
100057
27384
4600
4805
18012
8003
17384
14992
18656
12562
435
258130
187329
103043
31625
11876
104534
85
24658
118316
18056
16454
11506
253592
69195
18228
224183
7675
5256
25464
15964
4564
163237
118291
151
216090
110082
5503
106965
25899
95644
459
115794
106172
129472
21233
124139
41792
8651
124147
16011
34584
206
23193
22680
63054
214041
137990
21380
52350
24022
199549
37785
388
182
116514
98134
4862
86
191448
18128
11700
46825
172314
23586
146684
67838
6437
110247
128906
99348
354
17246
5341
302186
17151
100756
4442
24899
430
109699
164626
135627
26421
65246
16641
138897
23394
135254
21339
17255
22149
250346
111914
198157
27052
5644
203665
215223
14600
20749
11846
20537
111495
138614
137566
413
238960
97167
120542
112326
4684
26328
24101
10377
257976
7519
117951
170649
21200
8069
255
43421
21968
27041
60697
20335
5646
8304
5750
103057
34337
20387
165171
21993
18743
96119
43559
102428
52125
71616
94124
28829
7204
29398
93142
10326
13977
50417
67147
117743
30397
21184
31230
4365
24419
21074
9409
139685
183997
14668
20357
155386
23110
12756
10032
65153
27109
138092
57280
12382
92466
27704
198467
18049
35143
5173
11090
111905
28440
133656
78783
254070
3
44275
24740
12832
24215
216785
6268
64752
16130
31389
13236
33624
25111
25768
54231
137621
100287
6697
214690
21239
25874
50128
4387
113602
29397
15277
132441
95636
249902
218389
20493
80621
137040
157206
190951
364947