[34164,24761,34617,25755,18231,15946,16173,21136,19346,13148,20640,32815,19144,28357,28913,24698,20825,31186,34218,20354]
[21140,26672,18113,31186,18231,34617,31080,20340,29217,33475,29447,21136,21006,10261,27799,24760,30731,24235,33972,32110]
[25755,18233,13148,26192,34581,30428,38119,34933,32885,24698,30935,15409,15331,14825,19479,20351,20449,30526,32404,20343]
[27586,15648,34956,19934,29343,13148,27176,33972,24761,24304,28516,19487,17696,19820,32815,20351,37893,24667,18115,27090]
[31099,20339,15928,21260,18310,32404,18233,15355,15642,21026,19089,24304,26756,21456,25764,27145,19144,36521,19523,36650]
[20339,14825,20351,37095,30526,20851,33559,27893,24304,20343,28117,34164,8877,32200,24427,21963,26656,29343,24235,29227]
[27182,20339,20351,36521,37893,37050,19346,34218,20340,18925,24427,25756,34956,25764,37095,27145,32199,20343,19144,21456]
[25581,32110,24304,19820,15642,21456,27182,37095,32199,37050,34617,18115,24667,24235,16270,6189,19479,27722,27160,22230]
[15928,20354,27722,18244,20843,25763,30221,10261,20857,26672,28357,29789,19523,32530,28795,22230,25756,30935,20205,37893]
[30935,37050,23699,19577,32458,24608,27145,20351,34617,31640,27090,20344,26192,15946,32485,6189,28795,32992,34933,28572]
[28572,20354,20339,28357,26656,15681,32755,17696,29447,15642,37893,36170,32008,21026,27160,18232,21260,34075,31473,20205]
[10261,31080,20205,16270,26795,27127,36170,32008,19301,18946,15331,19144,32223,25116,30851,27586,15475,31640,28572,37893]
[15331,37095,29898,34075,32755,34933,30196,32110,29227,19144,32223,27176,26578,6189,20961,29789,15946,31473,32008,28938]
[25581,32530,23248,18231,13148,18313,19089,18310,28357,23699,18144,15952,25116,25756,15331,31961,28913,18115,19346,31028]
[18113,32008,33972,37050,18233,28938,32755,14825,18144,27032,13148,20825,34956,31186,20857,28913,30526,21026,24761,15409]
[20344,15928,22230,18267,20449,28572,32485,21456,19577,24698,24427,18113,19301,24608,28357,27176,27085,34052,20367,20354]
[16173,18144,30221,13148,20825,28144,23248,34075,29343,15642,26672,27722,17499,23699,36650,31080,34376,25764,32110,29260]
[19820,20857,20351,19487,29133,27090,26756,31028,27586,20640,27032,18267,8877,36521,33475,27182,25764,26795,24760,28913]
[18310,27127,31961,30221,15475,29133,34218,18113,20343,14825,20961,25764,18244,15409,27176,34956,31080,30195,34581,18313]
[24412,29898,32110,20857,32885,32008,26192,16270,19301,32200,30731,37095,21963,27145,20344,20340,8877,26672,18946,18310]
[23699,27893,28938,19479,27085,29260,10261,25764,23059,37050,32008,16173,21006,15642,17696,21140,27090,30020,26578,13148]
[28516,29217,34164,31080,30512,16173,36521,36650,27127,28357,30526,20205,34075,32199,24412,31640,29789,29260,15946,20339]
[29789,25581,18313,33475,36650,29133,30731,30935,6189,32556,25763,19487,19479,20857,29260,15331,24235,21136,22230,18310]
[19089,36650,15952,27182,18310,29789,26795,30731,37095,28938,29447,24235,32199,18946,32530,8877,28516,20843,30195,18267]
[17499,31028,21026,29260,34581,28913,17696,15409,18113,30195,34933,37050,24427,32223,20339,20843,19487,36170,34956,20851]
[29789,29898,15928,34376,15355,6189,29217,29343,27085,31640,34933,31028,14825,32199,34218,19301,18244,30526,30428,34052]
[36650,26672,31961,16270,25755,29898,33475,38119,37893,21140,24698,27127,30731,32755,20339,28913,32485,24761,31028,34956]
[33475,27799,27160,25763,24608,29447,29343,18267,19934,23059,19144,38119,18232,18244,19348,28516,20367,21456,15648,30731]
[18925,30512,30195,24427,10261,25116,19089,21963,23059,18244,15681,20851,30935,25755,20449,27893,20344,20339,31099,32110]
[6189,18231,24412,37095,29343,26192,34376,20351,30526,30935,29227,32200,15648,33475,19144,32485,19479,27127,16270,36170]
[32485,34075,31640,24412,21006,6189,30512,26795,25032,21140,15642,32199,19523,24760,18231,24235,20640,15331,32530,30731]
[15475,20843,18267,26756,33475,19479,15355,20340,31080,30020,27893,34933,29227,20343,32458,6189,34376,18113,29217,29789]
[14825,25763,28117,19523,34164,20961,20339,38119,36521,26192,24427,24235,19144,21140,19348,20343,20354,18192,24761,23699]
[27160,24235,20340,25763,37893,30851,30195,31473,32110,34956,24304,21140,21963,32199,26672,29343,18231,20640,25009,15946]
[34218,18313,30851,30526,28516,37095,23059,31961,18232,21140,18233,20205,34581,32200,24427,26656,28144,26192,27085,19301]
[25581,20367,33475,38119,34933,18946,18244,27032,36650,19089,31473,21140,26756,24427,15642,28795,25763,32815,19479,31186]
[27799,19348,19089,30851,34376,21006,30512,27090,36170,17696,27893,26672,31028,20367,32458,26756,19934,32199,31186,23059]
[32755,18192,32485,21963,20961,32110,20857,24412,33559,24698,16270,25581,31099,18231,27032,32404,30935,23059,31640,28795]
[18192,20449,18115,28913,32199,34933,16173,34617,15409,26795,27127,30196,20851,32530,18313,10261,25581,34075,28516,36170]
[20851,20367,30428,19487,18313,16270,14825,25764,27893,24304,25581,10261,33972,26672,27127,21136,23699,32458,19934,21026]
[15409,19523,14825,26795,32485,29260,15355,28144,21136,25581,25764,24412,30935,38119,18192,19820,20343,16173,34052,21963]
[21140,31473,27893,21026,15331,15475,26672,19487,30020,37050,15952,26756,21456,19479,24304,30196,32556,31186,31080,24761]
[15331,28357,16173,38119,25763,20344,20205,29133,29217,18231,29789,19346,31473,21456,29260,15681,6189,27176,19523,30731]
[15648,15355,24304,34581,27090,24235,21963,21026,27032,20343,24608,30020,31028,26578,21260,15952,27586,28516,26656,20351]
[29217,19301,30196,31028,28117,28795,34581,34617,27085,19934,26578,29343,17696,28938,34218,27160,19820,26656,30526,20857]
[34376,20351,27145,18310,32008,27090,34581,28144,31640,20857,27182,15946,24698,18313,26756,36650,24760,18144,29260,33972]
[38119,25032,18313,15355,32755,16270,15946,27182,20843,30196,24608,32110,31186,32458,26656,27586,18231,18144,18232,32199]
[34933,29227,18113,20640,18232,32755,31961,38119,20961,21006,29260,27176,25756,33559,19346,34075,33475,18925,15648,33972]
[18232,20340,28938,34617,37095,24427,20343,28117,29260,29789,32485,32223,27127,34164,31099,30020,19479,33475,34376,18925]
[18115,24698,20205,19301,15331,32885,17499,31473,24608,28913,20343,29217,24760,19089,29133,33475,18267,18244,27145,15475]
[32199,25009,18232,21140,34075,19577,27085,20449,32458,26656,28938,22230,16173,38119,31028,34052,27893,24761,34218,33559]
[32200,26578,34956,18192,23248,32199,28938,24608,27145,33972,20340,27090,28516,32458,32885,27586,21260,32404,34933,19523]
[25763,29789,24304,28913,32008,26672,31640,20354,20367,20340,13148,31961,34376,19523,20343,25755,27145,27032,19089,26656]
[27722,24761,20825,20367,26756,15475,33972,29447,18925,20354,32485,15409,24235,25581,33559,19487,28357,20339,31961,20351]
[19934,21140,26795,15681,27032,15952,20340,34617,28117,27176,25763,32992,26672,30935,18233,15331,21136,31186,20205,20367]
[24761,34218,25755,32223,20343,15331,28144,15952,38119,28913,19348,28357,32815,27722,15681,17696,32200,37893,18233,32556]
[28117,18267,19144,38119,20354,14825,13148,24667,26795,32485,20344,27032,15681,20825,32556,22230,28938,30731,18232,20205]
[38119,16270,20367,25756,20339,19934,15928,18310,34075,18192,15642,15648,28033,30428,32458,21136,32404,27085,24760,19348]
[32223,36650,18925,19144,29343,25763,32530,38119,13148,25032,32458,32404,28913,26578,18192,30020,18233,29898,31186,30196]
[24608,29343,24698,18192,27160,24761,34617,28357,19144,18233,27722,18115,28913,20343,27182,28117,30935,27090,18925,24235]
[32200,34376,28938,34218,20640,24304,29133,29343,31473,19577,24235,19820,21140,18192,24760,21456,25032,32885,19487,33972]
[21136,22230,30196,30195,6189,20354,20640,29898,18144,34933,34164,27722,18310,19348,28033,23699,32885,29133,29227,24427]
[19144,32223,18313,20354,17499,32404,21260,18231,18267,19348,30851,24412,19346,30935,29343,20367,32885,27160,31028,26192]
[20205,34617,32458,19301,6189,27799,30195,15642,16270,34218,18113,20367,24235,15331,25009,24412,18233,29133,29789,32200]
[20857,33559,32530,27182,19144,33475,36170,24427,29447,18144,22230,18113,21006,17499,37050,18313,15946,15642,26756,32008]
[32223,27799,18925,24304,21140,19523,32815,19479,23699,32199,20857,30526,34581,27586,28516,20961,30428,20354,27127,24427]
[26756,24412,15409,28144,15928,30195,15475,17499,25032,27182,6189,30221,36650,30196,37893,32200,29789,18244,37095,27799]
[25009,18144,28117,26672,17499,33559,30428,20843,30935,28033,30020,15648,19346,14825,27893,27127,21456,31186,31099,32200]
[25581,29227,24304,27182,26672,27176,30428,20354,27799,31473,33559,21006,37050,20351,6189,20640,16173,27722,21260,32200]
[10261,15355,27032,24760,29227,38119,27160,15648,18192,24761,34956,25116,29447,31080,27799,28913,31099,20344,24608,29217]
[19144,26578,13148,32556,30020,28033,25764,34956,28572,19934,15642,24667,19301,22230,21006,29898,6189,36170,18313,19487]
[18313,28938,19487,36521,20205,26656,32556,21006,18310,20344,16270,15648,29217,14825,22230,18115,32404,20843,37095,36650]
[24698,29227,24760,19577,18313,32992,21963,18232,27176,27085,38119,36650,32199,30020,32404,19934,26795,28033,34164,36521]
[26192,32755,17499,32008,37050,20843,29447,30196,14825,31099,28033,36650,18115,24667,20857,8877,26656,20343,25764,18113]
[36521,34933,34956,32755,32458,21026,32485,19487,15928,15331,29260,20961,23059,18144,28795,31080,24761,37095,19346,26656]
[25756,36650,32556,32223,20961,8877,28357,22230,32008,34933,10261,18244,21136,18192,21140,29133,31473,29898,18925,34164]
[34581,28938,32992,19577,18313,29789,30731,24698,21140,34052,20340,34617,6189,24412,21006,20339,27160,24235,15928,20205]
[32755,17499,28033,25032,32530,31473,32485,18113,31099,30731,20825,34617,24427,15928,24667,18313,30221,16270,24761,6189]
[15355,15475,34617,20340,20640,30020,19089,32404,28913,31186,17499,8877,34933,21026,27090,34164,27032,26672,21006,37050]
[32404,24608,18232,20340,28516,36521,29133,23699,16270,17499,13148,30935,30020,20344,18231,24412,32885,14825,37893,28357]
[32199,8877,18144,32008,21136,15648,28357,32223,26192,32458,15952,13148,27182,34164,21456,32815,15355,30512,33972,15681]
[20449,27085,15952,20857,15642,34218,16270,15681,37095,30428,26672,21026,32556,38119,27722,29260,34052,29898,32530,18267]
[37893,30196,26578,19479,28938,23699,21136,34075,30428,18244,16173,29227,31080,31473,19089,20340,31640,14825,26656,28033]
[29260,26578,31640,27722,22230,25581,18115,32556,16173,32485,19820,37095,26656,27586,15355,32199,29898,15409,20449,36650]
[18925,34617,15331,27145,19348,29447,15946,30526,17696,27893,31473,18244,30851,32223,28795,18192,30196,17499,15952,24304]
[30526,20354,32530,19346,25116,24761,19487,26192,24760,18232,24608,30935,30731,18233,34617,24412,27893,23059,27127,29217]
[19346,32404,27127,19144,21136,32199,18115,8877,18192,24667,19479,32008,21260,30196,26756,28516,29447,27032,32200,36650]
[32200,24235,25032,21140,15409,29260,15642,20961,28357,18231,30196,31080,21963,24304,25009,31186,27145,18233,15681,27893]
[30428,31640,26672,19523,28033,26192,24235,31028,25763,29898,13148,32755,20344,21456,18925,33559,15648,34956,23059,31080]
[15475,24760,20640,19346,32755,18313,15648,30526,37095,19348,18267,13148,19934,31080,20205,18233,27032,21140,15331,25764]
[19934,21456,32556,30020,27127,30221,15475,25763,27586,19301,34218,30731,21140,37095,19144,18244,28572,20843,29898,31028]
[19487,15331,28913,32885,27145,32755,31028,36521,18244,16270,34956,26656,23248,32110,17499,30020,18267,30851,20367,21006]
[28516,21963,27032,10261,24235,18144,19577,27722,27145,20351,34164,19820,28913,31473,26795,24412,34376,30221,8877,30428]
[18244,32530,19348,21136,36650,29133,23059,19487,25755,20449,20825,30196,32458,31961,19577,19479,18113,37050,24427,21260]
[34617,19089,20339,19144,28117,21136,32223,20367,21006,29217,30512,19301,20843,18946,27090,26578,21456,19346,33475,20343]
[23699,24667,18925,28357,30731,15946,32815,19479,28795,18244,38119,19301,32556,6189,31640,20340,26578,34617,18232,30526]
[19479,32200,18925,22230,10261,28033,28357,19301,34376,30196,18113,18946,15952,37050,15648,21260,26656,32458,24760,27090]
[34164,16173,17499,20354,21963,24427,21140,37893,26578,27127,26192,24412,30428,32992,36170,25763,27722,6189,27586,31961]
[19144,28913,27799,32815,28795,27722,24667,29260,28938,21456,30196,21963,24235,31473,24761,32008,29447,37095,28144,19487]
[19934,14825,27176,16270,23248,32885,21260,31640,27090,19144,37893,18113,25009,33475,31186,20339,20640,30851,21456,27145]
[33559,32223,18192,26756,31186,19346,18144,31080,31099,25116,19144,15928,23248,27032,30526,36650,30851,31640,34617,14825]
[20851,18231,20961,36650,31186,26192,15946,29343,26578,20344,20343,37050,23699,33972,34956,32110,32530,20205,18232,20825]
[31099,19089,23059,15946,21456,32556,32110,30196,27085,33972,16173,24412,20843,24608,18310,32404,29133,21260,28938,34933]
[28913,15952,26192,27085,28572,19487,15946,24304,19934,20449,28795,15681,32008,26672,16270,19523,24760,34581,24608,36521]
[24698,32485,19820,31186,18232,19144,26672,19348,21260,32530,25763,10261,18313,31028,19487,33972,27145,32200,30196,34164]
[18244,16173,30512,20367,18192,21026,29133,30428,19479,15642,32556,29227,32200,24760,20343,30526,32110,6189,19487,13148]
[18925,29133,37095,27160,34164,18231,16173,22230,19144,28357,30428,15946,30851,20640,28516,29260,33559,30512,28117,19479]
[30221,23248,34617,27893,31099,21140,20825,33559,8877,22230,27722,31080,29789,32885,34581,15355,34052,15409,18233,27145]
[27085,26795,34581,21026,28795,27176,25755,18925,20351,15475,21260,6189,19577,23059,20449,19479,33972,15355,29217,37050]
[21963,32110,32815,17696,18267,27182,36650,25009,20205,30851,32458,26795,33972,34581,27160,20343,30512,15946,30221,26656]
[27145,20825,19577,23248,30428,25756,24235,27032,18310,24427,27893,18144,19301,32755,16270,18192,29133,30851,26656,21006]
[21963,18233,27127,31028,36650,18244,29133,29227,19820,24412,27722,25581,30851,24761,20961,24667,18267,20344,31640,19523]
[31961,25755,26795,26756,10261,26672,29133,32404,20344,25581,37095,32200,20825,19348,34581,32110,34376,32008,17499,29447]
[21136,27893,24667,18192,31099,24412,30221,28117,19820,32556,32815,20351,22230,20340,26192,28913,20344,19479,31028,28795]
[24698,14825,26656,19144,6189,10261,21260,20340,28913,18192,27145,31099,25032,20857,28144,36521,24761,18231,27586,18113]
[20340,32485,32223,31473,20344,28033,32110,32404,32200,29447,19934,32992,25755,37050,32199,19346,19144,27160,37095,18233]
[20354,29898,26756,30512,28144,28795,31099,27090,25763,29343,29260,24761,15409,27127,24427,25581,28357,20851,26795,32199]
[21136,15928,20851,19820,24761,28033,29260,33475,15642,20340,20857,25581,33972,36650,24760,31640,34164,15475,32223,25764]
[25756,32755,34956,15355,8877,19346,19934,19479,25763,19487,26795,37050,31028,21963,20843,19301,27586,32556,20961,32110]
[19577,21456,30526,32200,32110,30196,20354,34617,28357,27085,18144,20351,21963,31640,17499,27722,13148,28913,18233,20825]
[18113,31028,18244,25764,32885,26672,24427,32992,26756,26656,21963,21136,24412,32199,21006,29133,20339,20340,29343,37893]
[17696,21140,32755,13148,27145,30221,31961,30851,27032,15409,24235,32992,25764,29133,28795,18233,34376,24304,15648,33559]
[26578,24761,19487,13148,32815,19820,30196,27182,23248,20961,24698,27176,18267,31028,21136,33559,33972,25581,20344,18244]
[23248,24235,30221,37050,32485,24608,16270,25032,20339,27722,18233,19089,27090,15642,15946,18232,27127,32200,34581,29447]
[13148,18233,15642,25116,24304,20339,31473,21006,19577,21963,20961,28938,24235,18925,31080,25763,15355,25756,21136,32755]
[18113,28938,20339,18231,19934,27182,23059,34218,32199,15952,26672,8877,25755,18267,25756,19820,30020,24608,17499,25009]
[20640,21026,25032,30526,37050,24235,20351,31640,34075,26656,32815,8877,18310,26672,31028,33559,32485,23059,21456,10261]
[32404,26578,28938,19479,19089,31080,24760,25009,8877,14825,31640,28033,21026,15946,20205,34617,19820,24608,25763,30196]
[29789,33475,33972,27893,33559,27160,24760,22230,25756,30935,32530,15409,28144,30731,19301,28913,19487,29227,20344,26192]
[19487,17499,18310,28357,20339,24667,21006,25756,24760,25116,32200,20354,25009,30196,20825,30195,15642,30935,20340,28144]
[27176,32223,18310,24304,21260,31080,26672,28144,24761,19301,19479,34052,32110,28938,20857,21026,15928,19523,30195,27722]
[24427,19820,21140,18144,31473,24760,32199,28357,20961,27722,17499,18113,30221,33475,32110,34956,22230,20344,19934,20343]
[33972,26192,30526,15681,37893,29133,18115,18232,31640,24667,21136,28357,31186,29789,20961,21006,27127,16270,27145,26578]
[20354,33972,18113,32530,20339,30020,32404,21136,24761,32223,18233,31028,33559,31080,24760,27722,15331,37095,19144,28144]
[15952,19479,34376,20640,28117,20340,36650,24412,15642,25581,36521,8877,26756,29227,36170,20857,26192,21260,30020,28572]
[32008,32992,27085,34933,26656,29227,32458,38119,30428,37095,27182,19934,18313,15409,33475,28144,31099,36521,20343,20344]
[29898,28144,24761,25756,19487,32223,29133,25764,20205,19820,18232,20340,31473,27799,15409,32755,28117,18231,24427,20367]
[21136,15642,6189,26192,27722,27160,32458,18232,18233,19479,15648,18144,15952,32556,15946,34956,34376,32485,36170,29898]
[21136,31473,20843,24304,18313,21006,15355,32458,14825,25032,31028,34581,32530,30020,32992,13148,18267,20343,34075,32815]
[29447,36521,34933,16173,18233,21456,20367,28516,20825,8877,15409,15952,31473,25755,18232,27586,15648,34617,18267,30195]
[18144,24698,27893,30526,33559,20367,24608,20351,27176,20339,20344,25763,32755,23699,16270,16173,28117,19144,15946,24304]
[20354,32885,10261,15928,30851,25009,15331,24304,22230,34218,21006,30731,24412,27722,21456,34617,20449,28033,30195,32008]
[17499,19301,24427,28033,18231,15475,25763,18244,16270,20640,24608,29898,20339,31186,24412,27090,21006,27799,15928,30428]
[27176,32199,27127,20354,34581,28795,27799,26192,27145,18192,32885,15928,21963,30526,29133,34075,25581,34218,30851,37095]
[6189,18192,32485,25756,30020,33559,19089,20843,30731,34164,30428,18244,16173,29260,15355,20205,37095,19144,15952,30195]
[25032,16270,26192,21963,27090,20640,19577,32815,34052,32485,31028,15409,18233,29343,20344,32200,21140,20961,34376,23059]
[18310,20449,31099,17696,23059,29898,30428,20351,8877,21006,24304,19089,34052,20344,10261,28516,18244,25764,34581,24427]
[27176,30731,21006,32223,19089,26672,24608,25756,20343,27127,32199,28913,25764,18231,27090,20354,15355,18310,26578,13148]
[29133,30196,25116,24427,32556,17696,19348,28144,24698,30428,30195,21140,34956,20340,14825,32404,27085,18310,19577,37893]
[29217,34218,32200,32223,31099,31186,27182,19346,15331,27722,30196,15946,30935,22230,25581,18113,32885,20857,30428,16173]
[32223,36650,31028,19934,20825,21136,15648,29260,15928,24760,26192,24608,34956,30512,32530,34052,18313,32458,18231,26756]
[23248,27799,27085,23699,18925,31028,18144,30428,18115,32755,36170,18232,29789,31961,27160,28572,15409,29227,24427,18310]
[37050,15952,34956,24304,24667,25756,34052,18231,27085,20857,34617,27586,28516,19089,18313,18144,32815,15331,38119,28117]
[21140,28913,27127,18925,20640,29789,15355,18310,18231,6189,32992,25756,21963,20343,27176,29898,17696,34075,30428,18192]
[27893,21456,32815,15331,27722,20354,24760,20205,30221,30731,15928,30851,23248,32199,18113,27085,27145,21140,20351,19820]
[18925,34052,27145,24427,36170,23059,20343,20961,32485,27176,21026,19301,28117,32200,34376,24761,20344,21006,25755,20351]
[18232,15952,27893,18144,34075,19346,15475,27145,27032,34617,23699,29217,31640,19523,20205,31099,20343,20367,25032,26656]
[17696,25755,19089,30221,20640,32008,32200,33475,19487,25032,30731,25756,20354,34164,32992,20851,27176,28795,18233,27799]
[38119,29343,19487,32458,28144,10261,25764,32530,30731,27799,34933,27127,28795,31961,24412,25032,34581,23248,29789,34075]
[19144,27182,30851,24761,14825,15928,34376,29133,25756,27145,32815,20851,10261,34956,31099,25116,6189,25763,34617,30195]
[28144,20640,18946,28516,29447,38119,32110,20449,21140,24235,32815,32485,36521,15475,34218,37893,29227,15648,19523,29898]
[16270,20825,31099,25756,28117,34164,28357,27722,18233,20340,32485,27893,15946,20339,15681,25581,32110,28913,18925,24412]
[20205,30221,28144,20340,24667,36521,27085,26578,19577,24760,24412,34956,19346,14825,27893,19089,32530,28795,32992,20961]
[27893,26756,18232,27176,29260,14825,20640,32458,25116,31028,36170,30526,28117,24412,21963,29133,19348,25756,34075,15331]
[26192,15409,25581,33559,15681,20843,31961,26672,32485,13148,36170,32885,18232,37893,30221,18267,31640,31080,30731,23248]
[6189,31473,20340,24412,34075,32110,30195,27032,32458,15681,20205,30221,32815,18192,18267,20825,15642,15355,19348,20343]
[32223,20351,21136,15642,20961,19523,20344,18144,30020,20640,19820,27893,25764,33475,29447,38119,18310,26795,18244,37893]
[19346,36650,25032,19144,20640,25763,18925,29447,15475,27722,29789,16270,32556,15355,32755,15648,31961,18267,28913,37893]
[29133,20351,29789,21136,24667,24427,20339,34956,26192,31028,27893,23248,34581,18925,22230,34075,27586,31186,24760,17696]
[15642,27176,20354,15952,32885,29217,29133,27145,25116,28144,19479,37095,27085,21136,24412,31961,30020,30221,28913,18192]
[30428,31640,19089,30195,19479,15928,15952,25763,27127,32992,23059,19144,22230,18231,28795,34164,15355,32110,31473,25116]
[36521,32556,27182,19348,20354,18192,20851,18313,32200,18925,30512,24412,8877,23248,37050,20351,30020,26672,21260,15946]
[24667,26795,20640,28572,24304,29227,30851,29133,28357,34052,25581,32199,15946,30020,32223,18310,15331,18115,15648,29260]
[30221,23699,38119,37050,29898,37095,30512,20857,31186,18232,15642,19523,26672,22230,21456,15952,27127,10261,36650,27176]
[28795,20449,24760,29789,19934,19144,31640,21140,32223,28516,32200,26756,24667,31961,25116,24761,18244,30935,36650,24608]
[29447,30526,15952,32110,25032,19144,32755,20640,6189,30221,20343,34617,28938,24760,13148,33475,27032,26756,30020,16173]
[18233,24235,15409,24761,27799,19820,24608,26672,30851,20351,27893,34218,18313,15642,18267,32200,32755,19934,27722,32458]
[32556,25009,17499,24304,15331,21456,18115,18946,34164,25756,30195,30935,26656,32404,33972,31961,37050,27127,34956,32223]
[18144,17499,18232,32404,29227,34956,28033,31028,31186,34164,20340,31473,15946,25756,34581,15475,32556,26192,20344,20640]
[33475,20205,18113,22230,24412,21136,29343,15331,31080,8877,30851,32485,30512,21140,15952,24608,32755,32530,25581,21963]
[16270,24427,18233,34075,32458,10261,27085,18946,22230,19577,26578,32485,19301,25764,20843,26672,30731,28516,38119,27799]
[15681,25032,20825,18113,25116,25009,15642,14825,30195,19089,21140,28033,24304,27127,34376,30196,29227,32485,18267,32458]
[32199,32110,30020,38119,32992,18144,24427,28144,34933,28572,19089,32885,20843,21136,18925,28516,27799,36650,20344,33559]
[24412,32992,21026,32755,15681,8877,24608,29447,24427,34933,37095,18231,30020,20640,20449,27586,27032,31099,24667,25756]
[34956,32404,34617,24760,20351,13148,24761,24427,28144,28117,23059,24412,18192,20367,30851,29447,27085,25755,16173,15946]
[19487,28572,19523,26656,18231,20344,15355,21026,22230,27160,28938,27182,27722,28795,32199,19577,29260,19301,27799,38119]
[18115,21260,25755,26756,32485,27722,15928,36521,20449,29898,34581,34052,21136,15475,15946,28144,15681,8877,26656,36650]
[34164,16173,29133,32485,8877,30512,30196,15681,18925,33972,15642,27032,21260,27182,31961,32556,27893,32223,24412,13148]
[24667,16270,17499,17696,31099,34164,25116,33559,27160,18192,37095,21140,21456,20344,22230,19523,20367,29133,31186,15409]
[38119,29217,19348,27722,18113,32530,17499,31961,30731,14825,18233,32992,21963,18192,19346,15355,15928,8877,20851,21026]
[28938,18231,10261,32992,34218,32223,27160,24235,33559,19577,29217,30512,36521,24761,19479,34581,14825,32458,32008,26795]
[27145,32110,34075,19479,24608,18244,36170,30935,28117,26795,32404,28572,26656,27085,32556,28144,15331,21963,18233,26578]
[24667,31186,38119,26192,19301,29260,14825,26756,28516,18233,15409,36521,18946,34617,25764,29789,37050,36650,16270,28938]
[27127,29133,24761,23059,28795,31186,19301,34075,20825,27586,18113,25764,19523,34218,33475,32556,24304,20205,36170,27032]
[23248,24235,20344,15648,24304,18313,20343,18233,16173,30512,19820,21006,30195,20857,31099,18244,31473,20961,24698,33475]
[30221,15648,18946,24235,20343,16173,20857,24427,25764,27182,28913,33475,31028,20340,17696,32755,31099,20344,25116,32815]
[28144,20205,30526,32815,19487,16173,19820,16270,18313,19934,24235,34933,33475,34052,20640,29133,30512,32556,29447,20825]
[15946,31473,20449,27799,26578,32992,33559,33475,29789,28033,27176,20367,32458,18231,28795,23248,10261,30195,29217,29133]
[29217,24304,30935,32199,29260,26656,20825,25756,14825,34581,15946,20344,6189,28795,30526,32530,18144,18267,29447,19487]
[28144,24412,19487,30935,34956,36521,18231,32404,15952,32530,22230,20851,19089,6189,21026,20961,27145,32199,36650,28572]
[21456,18115,28572,31961,29227,29260,15681,13148,20449,19577,21260,30512,34052,6189,15355,32992,20857,30428,31186,24608]
[34581,29447,18232,21136,18310,23248,18925,30526,32885,27182,34376,34052,18267,34218,27160,27722,15952,20340,23699,21006]
[32992,20344,27085,21140,21260,21456,18946,17499,20851,27182,15648,21963,34617,8877,30020,26795,33475,20340,21136,28117]
[16173,15946,21963,32992,29227,27182,24412,15409,27799,15681,29260,19346,32199,26656,25763,20205,21140,19301,19487,32404]
[26672,20340,34218,32223,20367,29447,20851,19523,36521,31099,34956,27586,37050,16270,32199,10261,25764,20205,19577,14825]
[32200,28516,27799,24667,20857,27127,20343,26192,21140,25009,31028,25116,25032,32755,26578,29343,19487,29227,27085,8877]
[37095,23699,29343,24608,19820,20449,32755,29217,20339,19089,27176,18244,20857,32485,10261,29447,14825,15331,27586,34956]
[25032,19301,15648,29260,29133,26756,33475,19820,27586,21140,32755,34933,24427,25116,19479,32404,20339,27090,29343,24304]
[18232,20205,20449,14825,34956,28033,30195,19934,20851,17499,24761,20367,20857,32992,25755,18267,24760,34052,36650,30935]
[15331,31961,34164,19820,34376,20640,30020,31473,19089,31099,13148,31640,24667,30196,29227,37893,20449,27032,25756,37095]
[32755,30196,34218,24304,23059,28117,33972,28913,15928,30731,21260,34052,20367,21963,25763,20825,32110,34164,19523,25756]
[28144,28938,33559,31640,32530,27176,30935,15928,29447,21140,16270,28516,19487,27127,18925,36521,28913,15648,20825,27090]
[29260,29789,34617,25756,32885,36650,6189,15946,23248,18313,31186,24412,24667,17696,34581,23699,31473,28117,21260,32458]
[18925,32885,18115,29133,37050,15355,30512,24667,25755,26795,27176,6189,32556,20343,30195,29447,31961,27145,30221,18313]
[22230,24761,24412,31640,10261,19144,37893,26672,16270,15952,23248,32200,28516,24760,28938,27085,18113,32404,37095,19487]
[21006,32199,34581,20344,30196,24698,20340,27182,24608,25581,15681,25009,26756,23248,31640,30020,27722,18946,15648,20449]
[28938,15355,25116,34164,29227,10261,15409,32008,27145,26795,20851,30731,19089,30020,30512,36650,34075,24667,32485,26578]
[19346,29447,27160,27032,28357,28117,28795,37893,20339,15642,29789,33972,36521,20205,34581,19934,27182,32556,19089,21140]
[21260,27182,24667,20825,31473,30526,32404,30731,20640,32223,27032,21140,32110,19301,25756,32885,15355,20843,33972,19089]
[30851,28516,29447,32110,25755,21456,19523,25116,31099,20825,28117,27722,26578,34376,15952,24760,20344,31961,32223,26192]
[33559,6189,21136,24760,34218,31028,19089,37050,30221,18244,32485,29789,28357,27893,16173,28795,32199,34164,26795,22230]
[26756,19523,26656,28572,17696,30428,19144,18231,10261,21140,15331,18144,26672,15475,27586,20351,30731,34164,27799,27127]
[19144,30020,30731,27893,32008,37095,19934,32556,32485,26656,29447,18231,18313,32200,26795,33972,24760,17696,34617,27160]
[19523,24412,26656,29343,21140,31099,32815,15475,27160,18144,18115,33475,30195,32008,18233,20851,28572,34052,15331,24667]
[34617,21026,15648,20961,21963,32556,21140,26756,28795,16173,27176,20851,30935,34075,20354,27090,29227,18925,17499,18946]
[10261,32530,32992,21006,20339,37050,19820,19144,30935,24412,32815,30221,34052,19479,20367,20449,29447,18313,36650,21260]
[21456,18267,20851,31186,32458,27127,25581,30526,27160,18113,21136,15648,30512,32110,19523,37050,36170,28572,20344,32008]
[30428,18233,24412,20343,27799,26795,20344,28516,32815,25009,17696,32008,27722,27145,31080,27085,18313,32110,20340,31028]
[21006,15928,19144,18925,19479,18310,18233,29447,21260,30196,36521,24304,8877,34052,19301,23248,27032,37893,20367,27085]
[20640,23699,34376,13148,20351,17696,16173,30512,15928,32199,29227,19934,15648,27145,15331,21260,18310,28516,28357,27090]
[34164,31473,18144,21140,29217,19348,20449,25755,27160,34218,29260,27182,29227,18946,27127,32200,25763,28795,15475,32530]
[23059,19144,27893,13148,15409,27182,37050,25764,27586,28117,27799,20205,25032,27722,31099,26656,14825,18946,22230,21140]
[30221,32110,30851,32404,33972,18113,27127,17499,33559,15928,32885,30020,24760,34581,20843,21136,27893,27032,27799,15475]
[32404,31961,31186,20343,20354,31080,19348,18192,32199,15946,27182,19144,18946,32223,32885,33972,32008,20367,36521,34164]
[29343,15928,18946,21456,23248,20857,32404,24608,30512,20351,26192,18232,8877,30221,18925,6189,36170,27586,30020,25116]
[31186,20343,25116,15681,31099,20825,26192,31961,10261,14825,30731,19577,32530,24235,21456,18233,29343,16270,21136,26578]
[33559,30526,15946,26578,28795,10261,32223,23059,30196,17499,32755,34617,20640,36170,25755,20449,30935,15648,31186,20344]
[30221,34581,20343,15952,28938,30731,29133,28795,25032,32110,32223,15681,19089,28913,30195,8877,13148,34376,21026,27085]
[15946,27176,20640,25581,25756,18231,19144,32199,24235,20843,30196,31473,27085,24412,20344,18115,21963,19348,28117,34956]
[20367,18232,25581,19479,34933,15928,29217,33559,25763,36521,21963,29789,30935,21006,26672,15331,32008,33475,17499,30428]
[19523,20205,15946,26795,25116,29260,20339,27586,17696,29217,23699,30196,32556,28572,24667,18113,15681,15355,20961,13148]
[30512,21140,18313,20367,24667,36521,23059,21026,17499,28117,18925,19523,21260,27127,27032,19301,25581,30196,18267,34933]
[20351,24235,15475,24760,32556,29898,34933,32223,30195,18231,32199,15681,27160,15952,20367,27176,24412,28795,37095,28033]
[32556,32992,25009,20825,19301,29898,33972,34075,19144,24235,18192,6189,24761,32530,25756,28795,15642,32885,30020,34164]
[36521,18946,18310,32992,21963,25581,31028,18144,25032,20344,18313,20857,24761,18231,20354,34218,32199,27145,24608,15648]
[19346,30731,15409,29227,18244,32815,15331,15642,24304,30428,29217,18231,19487,32223,27176,24761,15928,18192,31473,28572]
[32110,18113,30851,31080,19523,30428,28795,19348,23059,36170,25009,15681,26672,25581,20851,16270,30935,21963,26795,37893]
[30020,31099,29227,34164,29217,20340,36650,19479,32530,24427,18233,23059,27586,25755,30428,31186,26756,34075,15952,20367]
[20857,28144,27127,25763,26578,25009,30428,32485,13148,28913,16270,20825,20351,19144,24427,33972,18925,26756,36521,18267]
[24698,37050,26795,21260,21006,27032,27145,25116,28033,6189,27127,32008,34052,17696,20640,26672,20340,18232,33559,29133]
[24667,26192,36521,31961,28357,28144,19089,32223,18144,24761,29260,34164,20825,19346,20351,24412,20449,29789,18233,23248]
[24427,14825,27182,32008,29133,18310,21963,21136,24235,30196,20354,34617,8877,30512,34956,20340,15648,18113,25032,30195]
[21456,27722,25009,27160,19346,31028,34218,27586,28938,30731,30020,30935,18946,37893,31099,15409,28144,21963,27145,18244]
[30428,34075,23699,21006,34617,28516,30196,6189,25763,29898,27586,19346,27032,29447,28913,24235,26578,25764,27722,21026]
[24304,21456,27090,34933,20340,19934,16173,32404,21026,27127,27586,20961,30526,32556,20367,28144,23248,19523,26578,27176]
[14825,27799,37050,34218,31028,29260,25581,32404,27176,32556,34075,19348,16173,25009,26578,26656,17499,26756,8877,30935]
[27722,30196,31640,21456,17696,28144,30221,20449,19089,29217,14825,26795,21026,15331,25763,24235,27176,26672,6189,10261]
[21963,28572,20205,20367,28033,32200,30935,37095,30851,15952,18313,27182,18244,17696,28117,26656,24760,37050,20843,19934]
[32199,20367,10261,34052,20205,32885,24608,32458,20351,26192,32992,28144,32755,20843,19301,21456,21260,25032,27799,34075]
[19301,18925,32885,37050,20343,29447,26672,18192,30196,26656,27586,31186,24412,32556,30512,15952,21456,25755,34617,20961]
[19301,28913,28117,18144,28938,32199,34581,19144,20343,33972,26192,30851,19348,27127,14825,15952,34075,38119,25032,18313]
[31640,37095,20961,32755,31473,34376,19820,27893,19348,20344,10261,24427,20354,27145,18232,20843,19934,27127,30196,30526]
[25116,25763,24761,29227,28913,34075,20339,27586,20843,15681,17499,28516,23059,27160,20961,29217,20367,15642,31186,31028]
[30020,25764,34075,18310,24761,25009,36170,34052,24760,30196,23248,20205,25763,27176,18313,32556,32885,20340,26656,18925]
[24412,15928,27799,25755,30731,34218,36650,15648,23059,31473,24760,31080,24427,18115,27722,15355,26795,33475,19144,30526]
[32404,20354,24760,18244,29898,6189,26672,15475,28913,26578,34075,34933,23059,15952,18313,28033,33559,25764,34581,37095]
[36170,27145,24667,28938,31640,15928,29227,33972,24760,20205,24427,20343,13148,16173,37050,36521,29133,21456,20843,31961]
[16173,20851,34052,27145,27085,18310,34933,33972,25116,19348,28938,26192,24667,32885,20449,18144,31640,20354,18925,20351]
[34164,30512,23248,15331,28117,34956,24235,26656,21963,29217,34581,32530,29343,20354,23059,30196,32200,28516,21260,16173]
[27127,27722,20344,29789,15355,27145,32008,34617,36170,18946,25764,31640,16173,28357,37893,20825,24667,32199,32485,14825]
[32200,28913,21026,21456,30512,31080,15952,18310,6189,25581,31473,15642,30935,15681,18113,26756,20449,18244,24427,30020]
[32199,32755,17499,20339,15946,29447,18233,20343,33972,18192,27160,34581,17696,31186,25756,30731,28033,34218,21140,27085]
[24412,19577,6189,23699,18231,29343,19346,30851,18144,22230,26672,37050,19820,33972,34164,17696,31099,21140,26795,25764]
[28144,31080,30512,21140,19346,34617,28938,19820,15928,28572,21963,37893,34376,13148,29898,22230,36650,17696,21006,29447]
[32458,32110,34164,34617,24667,21026,19577,18313,25116,18244,33559,19348,20205,29260,20344,34581,26795,15409,20961,24412]
[27160,32815,32008,20640,30020,33559,29898,26756,34164,34052,8877,25756,21140,22230,15952,16270,20343,29133,19089,15409]
[18313,15642,27182,15475,25764,34218,28033,29898,37050,20843,19089,30526,21136,31961,21260,32992,21140,18115,31640,31099]
[37095,26578,18231,21456,20339,31640,20851,34581,15331,27176,20354,24235,32008,18313,18946,32110,13148,10261,20640,28033]
[31186,31473,34933,32199,30020,20351,14825,26756,27799,21963,26192,28938,32200,30731,29217,20340,23248,23699,15475,32815]
[24304,18231,32458,37095,19577,21140,27799,16173,27085,27160,37050,27182,30428,21006,32992,32199,18267,28033,19479,34164]
[28117,34218,25764,30020,20640,36170,31080,34933,15681,19934,18267,28572,20354,26578,29789,30195,20205,32530,28913,6189]
[27085,29217,15409,22230,19144,18144,19934,20351,24427,13148,36521,30196,18313,30731,18267,18925,25032,27032,34218,33475]
[20449,31473,36521,26656,19820,26672,21026,24698,32458,20343,15475,16173,32110,15409,29789,31028,31099,20367,20640,25763]
[24304,18310,30428,25581,25032,18946,24760,32458,29447,13148,20351,31640,26578,24427,15946,21140,20344,27176,17499,29133]
[20857,32223,21006,26795,25581,20640,21136,31080,33475,29260,27160,27586,8877,34075,30512,18144,31099,34052,26192,24235]
[37095,28357,31028,20343,36650,21136,30935,21456,27160,32200,34052,33559,26756,19346,20825,27722,32992,29227,32199,38119]
[13148,32992,18113,30526,15331,15355,19479,19523,29343,28516,25764,16270,27182,31080,24667,34052,30196,18115,16173,30851]
[30935,36170,23248,29789,30195,20640,34581,32223,25009,32110,32485,29217,27182,26656,24235,26192,15331,27160,21963,18113]
[34218,31186,29343,20449,15946,32110,36650,25581,27090,28913,20640,20825,32223,34933,14825,19577,32815,24412,19144,25009]
[16270,18233,30428,25763,26192,29789,21456,20343,32223,25581,24235,18113,32110,32404,30512,30020,32458,32200,20354,18232]
[24608,13148,36170,20961,26656,21140,34075,24412,29133,20354,19934,27182,15928,19487,25581,20340,18232,29898,28033,16270]
[19346,34581,20351,29343,18946,31961,23248,20640,15952,18192,29133,34376,31186,34075,37050,28357,24235,26672,17696,25116]
[30935,15642,23248,8877,32815,30020,34164,32556,34617,24667,27032,18231,21456,19089,32885,31099,22230,25009,36650,29260]
[32223,31961,24761,17499,15681,34052,25032,32110,24304,29789,6189,15928,27160,30935,24760,32815,21140,29898,36170,34933]
[30851,31080,24698,13148,30196,15928,15331,20640,32885,24761,25755,29447,30935,18233,34933,28117,19089,27160,27799,20340]
[34581,24608,18231,18192,29133,32404,33559,20340,19144,15952,21963,18144,24698,28516,19479,27085,6189,23699,20961,25764]
[20205,15475,27893,34617,32485,37893,8877,28357,34218,29227,25032,31080,21456,20343,30020,20961,15355,32530,23059,18925]
[21456,19523,19820,30195,19577,27160,24667,32223,24304,26756,15475,25755,29343,32755,24235,24698,22230,37050,23059,18232]
[20961,26656,26578,24427,19144,25756,30428,28516,18313,14825,20205,29789,27145,20825,18925,27085,29217,28795,36650,15681]
[32458,32110,18115,25756,28913,24761,26795,15648,19820,32223,20343,20449,33475,24608,30195,31961,23248,29227,30020,24760]
