[11860,10479,36308,30581,32313,32002,34789,30408,11389,14048,11644,23097,10454,32141,9900,27764,10285,28065,24152,36998]
[10946,21621,20897,28988,27764,9900,13092,8819,30845,31281,26128,28368,36998,13826,28410,37401,32020,37565,20143,12656]
[11644,23518,28410,18698,11571,10479,28240,29344,16826,31512,11390,12656,10503,28987,10873,14709,36788,10924,32108,27764]
[10355,30527,11113,37195,10454,32002,10816,14048,37718,36998,12008,21234,11390,16699,31091,28499,29435,28989,10932,24591]
[15898,13466,10355,18698,23221,32533,28065,10503,21314,33685,37195,10506,37718,33126,32313,10339,10285,11269,11571,36156]
[21234,32313,28991,36156,37600,11647,15185,37501,16826,18681,13929,28986,24152,15909,29630,10503,31350,30778,37047,11070]
[31091,8819,21234,20955,8814,31279,37735,21314,36788,29435,14605,28240,30527,28660,10,12857,21621,10355,11647,30845]
[9823,37074,16699,33181,37718,31279,30274,12008,30778,31317,10873,23221,30561,8814,37383,37564,28986,21314,8807,32141]
[37564,18681,32357,32204,37600,18146,9823,20955,13929,28986,14048,17664,28660,21621,30701,10,32352,36156,12008,37565]
[15352,10946,21312,36775,11326,24152,28986,12435,21073,11389,31512,37047,10992,8821,30163,36317,15898,37067,13826,32002]
[36156,21314,36317,32533,29566,9900,10454,10970,21312,32002,8807,8819,31279,32204,10877,10924,24591,28240,11070,11863]
[21234,28793,31091,26932,10970,37195,10924,36788,32352,13092,14709,18698,30845,27364,37616,8807,32357,31512,37564,12656]
[20143,24152,11860,10924,37677,18698,11644,32306,34179,11571,37047,11390,31005,28240,23221,32204,27764,12008,31678,30408]
[28368,36171,11860,10454,9900,14605,9823,8814,16826,32533,29726,37600,34179,10873,37418,30581,28065,37501,21595,29630]
[30845,37067,10,11326,17664,8821,31281,30313,28988,37401,10506,37195,32023,11113,18146,37565,28987,27364,8819,11070]
[24591,33181,14855,32023,28240,37047,32029,10932,37195,37401,33126,15912,31034,28065,30408,26172,37067,13769,32204,15352]
[31317,21671,29344,37600,32002,14709,2122,23221,14855,28240,30845,13929,36308,28065,8819,37418,30581,10355,34789,21595]
[12857,30527,28341,31091,16826,31281,37735,36308,21671,14048,32020,11647,31512,10503,11389,32043,24152,10877,30561,36975]
[13466,15909,31091,32352,37195,23518,32141,10877,10816,21671,29972,15352,17664,28793,28499,11860,14605,20955,9823,28991]
[21621,16826,20897,11571,36788,12857,16699,28499,37565,28660,28410,18146,28368,26932,37074,21234,29344,36317,13092,11070]
[10355,23097,8821,8807,18698,29630,13769,32020,30561,32533,32352,31678,34179,21721,28065,14810,37383,14605,32812,13466]
[32313,18698,30778,10089,15185,8567,8814,10877,11269,37047,31678,36788,16826,37195,29972,21721,28065,28991,15909,32002]
[10506,30313,30845,17664,16826,9823,10089,9900,8821,12857,36317,37677,30581,13420,11863,32043,13826,33685,9130,32029]
[23097,32357,29566,31091,20143,37564,18698,12008,8567,31281,20897,10924,32616,32313,31678,21595,34179,9900,32002,37383]
[36788,14855,37074,30163,11070,10873,10932,28991,30778,28793,34179,10924,21234,28988,16826,15225,21621,23221,28987,37047]
[37677,28065,36308,33181,14709,12008,21595,28986,24591,10946,28793,11571,21234,20897,23097,10970,14855,26128,13466,23518]
[14709,31317,11860,28987,26932,10873,32313,21312,37565,31279,30313,10506,21073,30527,36317,14810,10454,11269,33181,11644]
[10946,8819,27764,32108,11326,36975,28660,12656,31512,30581,18681,18146,10339,14048,11863,11571,32204,36171,11070,28793]
[30561,37383,37600,13420,8821,34179,28410,11644,32357,27764,37074,15898,28065,37780,33181,10506,14605,32020,10089,10285]
[11860,10506,32023,15185,10946,32313,32204,28986,28987,32357,30845,20143,11113,37418,36171,28240,15909,10873,23518,10479]
[28368,10970,20897,36775,31512,16826,10355,10503,32029,10285,29726,11571,11644,29630,10946,9823,9939,28341,11269,18146]
[29726,9939,36308,32023,37401,31091,23221,18146,36156,10873,11390,13769,27764,28991,10946,15225,26932,32141,10924,37718]
[23097,11860,31512,37600,36317,15225,14709,13092,13826,34179,32023,30527,31279,28991,15185,10816,21314,10873,30163,37074]
[15185,36171,31281,31678,30408,9900,29435,31814,37565,31350,32043,30527,21178,32204,12857,21312,14605,30581,36317,28793]
[13420,37600,37780,36788,11571,30274,24152,10873,29344,36317,13929,11863,15352,20143,36156,15909,10406,28065,11113,21314]
[31317,10406,37780,30845,37383,36171,37047,24591,10924,20897,30561,13826,37501,27364,14709,32352,29972,32357,11269,9823]
[27764,20955,10873,30581,32108,33685,10089,33126,11860,15352,17664,28991,32533,15225,14709,11647,11326,14048,8814,13466]
[21621,12857,10339,21234,14709,32108,31678,31091,28989,14605,8807,30701,15898,23097,30408,21671,13929,28499,33685,11070]
[32306,24591,21671,32023,34789,14605,20143,27364,34179,32108,36156,13826,20955,11070,32141,30527,10503,18146,15898,32313]
[10503,28793,30581,12435,34789,28240,30274,21376,11571,23097,35698,21234,10924,37074,8814,10816,31034,10479,26172,15909]
[31317,13420,31281,10932,12435,11269,21234,30313,23221,21314,15225,37047,32020,24152,30845,32357,14048,13769,11647,9939]
[9130,28341,13420,13826,9939,18681,20955,32023,36308,10946,31350,31678,31317,30163,31279,20143,34789,32108,11390,33685]
[13929,10506,24591,10,30274,36171,11269,32313,29726,14709,12857,10946,21621,20143,10877,30527,11389,21312,29630,36775]
[33685,37735,21721,17664,37047,21671,14709,21234,10873,16826,28240,13420,37067,21376,27364,33181,10355,37564,11390,32029]
[18146,11571,18681,37565,28499,28240,28986,8821,13466,33126,23518,12656,8807,29726,30313,37501,29344,16699,30561,20897]
[10506,31279,20955,27764,28240,31034,8819,31814,26932,13826,37677,33685,20897,13420,31350,8807,37780,37600,21178,10816]
[10877,10932,12857,36975,32141,15912,27364,30778,13826,37074,30274,37735,32002,10355,29972,18681,10479,34179,8567,10503]
[10503,28410,28793,9900,37780,29566,14605,24152,15352,32313,9823,12008,11113,32108,37564,37735,18146,37401,14810,15898]
[23097,36998,10970,36975,37564,37047,32616,10285,33181,15225,31279,13769,32002,14709,21314,27364,10339,31350,37677,20897]
[28991,11863,37501,28368,12857,10877,13826,11070,8814,15898,37565,32141,37718,37564,29435,31350,21234,23518,30561,18698]
[11070,21178,10355,26172,2122,10946,32357,14810,37564,9823,33126,10877,37067,28991,15225,13092,30845,12656,33685,28341]
[31350,36156,15912,28987,9939,36317,36775,23221,30527,8807,36788,24591,37383,15898,21312,18681,21234,2122,18698,28065]
[36156,30701,36171,15912,28986,30845,10,10877,32533,10924,34789,8819,37565,37067,18698,31281,8567,37600,37735,28368]
[15225,28410,23221,31005,32023,26172,10873,37564,8819,34179,37677,31281,10877,27364,26932,10924,10932,12435,10089,31350]
[37401,12435,10506,37501,36308,33181,15225,14048,2122,30845,23518,13929,36171,30701,33126,37047,26172,32020,29972,10816]
[30527,37735,10339,37401,9939,32204,28065,8819,11571,37600,18146,30163,26172,10970,13466,10992,31034,32533,30274,36317]
[37401,36775,31279,10479,10089,9823,10503,18146,37565,31005,37718,10285,11269,37383,36975,34179,13929,14605,23221,30527]
[21234,8821,37564,21073,33126,8819,8807,9130,30845,31279,14605,10503,28341,32141,21595,36775,10506,29566,34179,32313]
[10877,31005,13769,28499,10873,21595,11390,28988,11863,36788,9823,10946,28065,21312,28368,11644,37600,15898,12008,17664]
[28660,18698,37600,31512,11390,36788,21312,37616,10970,10924,21671,11647,30408,10946,14048,21314,10339,27764,20955,15225]
[21621,26172,28341,16699,32108,24152,37565,8819,37600,33685,11070,11389,18681,21234,14048,29630,17664,11571,31034,10924]
[13420,32357,29566,8807,32043,37677,10946,16699,24591,24152,29726,28988,10970,18698,32023,32306,37501,28986,34179,37047]
[32306,21721,37401,26128,14855,13466,14605,10877,11269,30561,37067,37564,23221,11389,26172,32043,30527,11571,37677,20897]
[33685,35698,20955,10932,37600,12435,21671,28341,8807,21178,15912,11390,37074,37418,10355,37195,28989,37616,31279,12656]
[37501,36156,11269,8814,31279,11860,37718,10946,32533,10406,37401,23097,28988,32204,30778,36998,14855,36317,21376,12857]
[30778,30163,10946,13769,28240,10,30527,32616,31281,13929,12008,13420,31678,10339,10503,29566,11113,10992,15909,10873]
[30701,37074,26932,28660,37565,30527,10339,29566,10089,15912,10970,36975,28991,32357,14855,9823,32141,10932,21073,30274]
[23518,21376,17664,13420,32029,21073,36156,32023,12435,37565,11269,32108,10089,28065,32141,18146,26932,34789,27364,37401]
[32002,37047,10946,32357,12656,32020,36171,28065,28660,20143,36317,36998,11389,32616,15185,30845,26172,11326,10355,21376]
[29344,31279,36156,10873,8819,21314,29726,11326,10,32023,9900,10816,30701,37501,11860,10992,2122,20955,28986,14605]
[34789,37074,37501,32313,28410,30408,29726,10503,28793,10454,14709,14048,36308,28989,8814,14810,37047,32043,26128,9823]
[11860,13092,10924,11644,30701,10992,32306,21595,31034,10877,31279,32533,10479,37195,13769,13420,15225,28988,23097,30408]
[11571,28989,21178,28410,11389,37195,30581,27364,10970,36317,31034,36975,37047,23221,30527,30561,11860,10506,8814,36171]
[31512,30163,8567,15352,14810,28987,28341,37565,37677,11863,11571,32352,31317,10339,30778,36975,13092,32812,33126,28368]
[32029,15225,28341,32141,37677,32002,23221,9939,13420,15912,30581,29726,10,13929,32043,14605,34789,31005,37600,16826]
[12857,27764,24152,21314,18681,11326,30845,28410,10506,28341,37565,37501,29435,26932,37074,34179,11389,34789,11644,10355]
[8819,10924,10,27364,37401,32357,24591,10877,17664,30561,34789,37074,23518,36788,30274,28660,37616,31317,29344,28065]
[21314,32313,28065,32533,18681,31091,16699,21595,2122,37067,10285,36171,32020,34789,36788,37677,21721,8567,31678,11644]
[28987,36975,28065,30408,14810,30527,37735,10285,28989,11389,15898,27764,20897,31512,31091,2122,8819,28341,18681,21671]
[30163,29566,37616,13769,29344,30527,36317,32108,17664,13929,14605,11571,32204,31317,21595,21376,28240,15185,28793,10816]
[8807,33126,8821,34789,16699,8814,9823,28793,11070,10479,32043,13420,37600,31005,20897,33181,15352,12435,31279,12857]
[10503,27764,30274,37677,37501,37735,36308,21621,34789,8821,26128,10479,31005,14855,28410,37074,26172,10285,32357,14048]
[15225,30163,30527,18698,20897,37501,14810,28368,10479,10946,30561,10992,35698,31317,21178,21073,30274,31034,28989,33685]
[11070,13420,23097,30701,14709,31281,30845,11860,10946,36775,9823,28341,12656,37565,37047,10506,8814,27364,31350,14810]
[23097,33126,8814,37600,32141,21314,17664,11571,8807,16826,10454,20143,15909,28499,37677,13466,32357,28341,37501,28240]
[14810,11863,11389,37195,36171,28065,15898,28989,8819,23518,27364,11326,31034,11644,30778,8814,21721,20897,37600,13466]
[24591,13420,31281,18698,37401,30581,10454,28065,28240,18681,11390,21234,36308,12008,28368,13092,29630,13929,10970,33181]
[20897,10873,15898,32141,21178,23097,21721,27364,29972,16699,18146,31005,37565,28793,37677,36317,21671,10339,10932,15912]
[31034,10479,28660,31005,12008,36156,12656,15909,37501,11647,31091,13769,32043,11390,10339,23097,15225,27764,11326,36317]
[37401,8567,31091,21671,8814,20143,10406,31350,11571,30274,32204,32020,12008,10816,13092,37616,30701,28341,10873,14810]
[37501,8814,32313,18146,31678,9130,37565,14048,17664,11644,11390,36788,37718,21595,23518,14810,30163,21721,31034,32306]
[10479,31350,21595,13769,21312,29435,14048,11269,8821,2122,30274,30163,32812,37735,37565,11571,31317,28065,36788,27764]
[10355,32352,18681,36156,37401,32023,37418,23097,29972,37718,37067,28341,32313,36788,14855,30163,10454,15225,10089,9823]
[30313,20955,28991,31512,31814,14048,28368,21178,32020,28240,16826,23097,20897,32352,37418,37677,10924,28987,33685,9939]
[31091,32313,9939,11326,32533,37195,37047,32357,30701,32020,37067,21314,10,10479,11647,29726,28065,10946,32029,31281]
[28987,12857,31814,32043,31512,37718,37735,10992,31281,21621,37418,11644,32533,31678,20143,10924,30561,28499,12008,33685]
[10479,13092,11389,11860,32002,10503,2122,14048,10406,10285,11644,33181,16699,37718,32020,32023,30408,34789,37195,10454]
[24591,21721,15912,28341,10479,11326,28987,28499,33126,32313,14709,9939,37401,8567,26932,14810,31279,29344,30845,16699]
[37383,30313,11644,33181,23097,32204,37047,24591,21671,10970,28988,10,10285,32313,21234,13769,10479,32043,11390,13420]
[36308,36788,21314,10479,10,15912,12435,28989,10873,21621,32533,37401,36975,30527,10970,30163,12857,32812,21595,28988]
[31814,29972,28341,21234,37067,13092,28410,27764,36308,16826,14605,32002,10479,18146,34179,11390,18698,28065,24152,13466]
[37047,27764,37718,10924,21178,31034,15898,16699,30313,31814,36775,37501,28410,15185,31281,32020,30845,32023,18681,28065]
[13466,36998,28341,32029,9823,10454,8814,28793,37677,36975,12435,28368,29972,8807,21178,31034,2122,14810,10339,26128]
[37600,29435,31005,33181,37383,33685,26932,36317,28987,32533,28660,36775,13092,10877,30274,36998,37564,37780,37735,11860]
[31281,10,11571,15898,37401,28991,37718,11326,37074,26172,37067,26128,28499,28987,10992,31005,29435,10503,10946,32812]
[37418,14605,9823,37718,30527,10089,30313,30274,15352,11571,32141,27364,28991,28986,29344,37677,10992,14810,32020,9939]
[32204,28988,10506,14709,28368,20955,26932,35698,29630,21178,37780,8807,27764,32306,28989,31317,13826,28065,37501,30408]
[29566,13929,14048,13769,28368,32204,32002,11863,20897,13466,15898,2122,33126,21314,28988,26128,8814,32357,36775,28660]
[36171,37074,14810,10877,30163,11571,13466,28989,32616,30845,14855,8819,37564,11113,10339,37735,37780,21178,11070,28988]
[21621,15912,15185,12656,14048,32043,11644,12857,21314,37600,29344,23097,13929,8814,28988,28660,28991,27364,10932,21671]
[37195,15225,8567,11644,28660,14709,18681,37418,11390,28410,31281,10970,33181,28987,32616,10089,28499,31512,29726,21671]
[37418,32108,12656,29566,30845,18698,11326,30274,32043,13092,28989,10932,27364,10355,31317,30581,37195,28987,11863,23221]
[37600,36788,21595,37047,11571,37735,10339,24152,10406,8567,10877,23518,11863,32306,28793,18146,21234,10285,28988,31317]
[8819,31034,36975,28793,28991,29630,10924,13769,32029,32043,31350,11113,10503,10355,10932,13929,32002,13826,18681,36156]
[10406,21073,31678,32357,21314,13826,10503,10,30527,9939,11863,28988,33126,32616,33181,36998,16826,30561,32313,30778]
[23221,11389,28793,29566,37195,33685,31350,36788,27764,10503,11644,21234,15225,11326,21178,30408,21312,8567,32306,10454]
[31034,37600,36308,11644,30845,29566,10339,32313,8567,32352,37564,9939,10877,16826,30163,13929,10816,20955,28499,36317]
[17664,24591,15909,10816,18698,12656,10479,21595,36998,30561,15912,28988,37418,10506,20955,2122,28987,14048,18146,36156]
[21621,28240,11644,21721,11571,37501,32313,21314,10992,28368,37600,10339,15898,11389,30527,26128,33685,37718,32023,28065]
[11113,10924,28499,37735,32313,10285,8821,26128,10479,9823,10089,24591,34789,10946,14605,12656,8807,20897,28991,37718]
[32812,15352,11389,14605,28987,13466,26172,11571,21312,29972,10285,10877,29630,30163,28991,10924,9823,21073,23097,35698]
[13769,32313,36788,29630,36775,31034,28341,28499,21376,30408,37564,16826,14605,37047,36975,36156,24152,32204,34179,15898]
[37195,21234,33126,13466,31279,10970,15898,37418,36317,11644,14709,11389,31317,15352,14855,30163,20143,11571,29726,10877]
[21376,36998,13769,32616,31678,15912,30274,30561,2122,36788,32023,31512,27364,32533,15898,30527,13466,10924,33685,10877]
[37564,29972,15912,32352,11571,9939,31678,30163,23097,10816,21621,15185,20955,29344,33685,14605,18681,21671,21073,24591]
[28989,18681,21073,36775,32616,10506,29566,24591,21671,30778,14048,10285,15909,30313,28793,37718,2122,36975,33181,31091]
[15912,33126,31034,21178,37677,11644,9939,29566,30561,32533,36788,36998,11070,30701,31512,12857,30313,37565,32020,27764]
[23097,10479,11326,37067,28368,21178,12857,20897,28240,15909,9823,32023,10924,35698,10503,10406,13826,30408,15185,36171]
[12008,36998,37067,31279,31317,9130,34179,15898,11571,10355,28793,30274,10503,10970,28368,26932,23097,31512,28986,9823]
[37067,30313,11571,36156,18681,37418,13466,37735,30581,30163,30561,10089,15909,32812,37565,37780,21314,10339,8807,37564]
[10503,37047,30274,26932,10873,13826,15909,32352,11571,37418,36171,20955,14048,11644,10285,28988,31091,24152,9900,15912]
[37735,28793,36775,20955,29344,9939,13769,29630,32533,10946,31814,36317,10479,36975,21671,11644,11389,27364,13092,11390]
[32204,37074,11326,28986,14605,36317,11390,36775,21376,29630,10992,28499,36171,37616,17664,37735,33181,31034,21595,31317]
[28987,10089,8567,10924,8819,35698,11647,9823,37074,21073,27764,37600,29566,15912,29726,32020,11860,32533,24591,21595]
[30561,11860,18681,21312,31678,37401,32141,14605,12435,29630,20143,11269,37718,10506,16826,36156,15352,21376,32533,30163]
[21314,11647,37780,29972,28499,11863,14709,21178,34179,20143,28341,29344,11269,12857,33181,9900,15912,29630,37735,32313]
[21376,11644,37600,28991,37718,14605,9823,21314,15225,37067,28988,28793,10089,33126,30163,30408,11571,36317,30527,9939]
[13092,32002,28989,11326,21314,11070,10970,28240,13826,26932,9130,31279,10285,36975,32812,31814,10406,10877,28793,32023]
[37735,11326,34789,13092,10946,8821,13466,23518,36788,13420,10932,31005,32023,11390,28991,10454,31317,31034,14709,30701]
[37735,37501,36308,18146,21178,32002,15352,8567,10454,15912,10503,20955,29726,16699,37195,10946,21621,32029,29566,14810]
[37418,32141,28341,8814,10285,20955,26172,37718,18698,10816,31814,15352,21595,11390,29566,30845,14709,36998,10089,30778]
[30313,16826,21595,33685,18681,28987,32023,2122,10877,37195,37735,11389,37677,32616,35698,30701,23221,28240,28065,30527]
[28989,23518,23097,8821,37718,34179,14709,32043,31814,13466,37600,28986,15909,15898,13420,27764,37565,37074,37047,11644]
[21073,9939,28986,36788,13466,2122,20897,31317,34179,33126,12857,10873,14605,15352,32023,37501,33181,18146,10970,11113]
[11070,33685,28410,37565,31281,11269,26128,36975,31005,10873,13092,29435,32023,30561,11326,36308,10503,32141,14605,8814]
[12008,32616,37600,21671,10924,32141,15225,31034,37195,32533,10355,30163,21312,28793,15352,10816,10406,21595,20897,18698]
[13769,28660,30845,8567,32043,21314,36317,11389,10877,31279,32812,12857,32002,29726,37780,28240,10355,12656,8821,31005]
[2122,33126,21073,37616,17664,15185,20955,37677,34789,8814,32616,21312,36317,11070,15898,11644,36156,14855,18698,12435]
[32023,28986,28989,18681,10454,14810,32002,10873,32204,15909,9823,21314,37600,32306,31814,36171,36975,11860,11113,37047]
[11644,23097,37718,28986,21234,26932,32357,13929,27364,14048,9823,15898,30561,30274,16699,32108,32306,36998,30778,29566]
[28989,21671,28988,28410,37195,15352,30527,36317,13769,26932,24152,10924,11571,32306,8807,9823,32357,10816,21073,29630]
[36156,21595,31317,37418,18681,31350,16826,28065,13420,36775,10932,34179,28499,15185,24591,27364,28793,32812,11571,14048]
[28065,31814,37067,32812,37616,8821,11644,13769,13466,8807,28660,8814,15912,29344,23221,32204,10873,21312,37418,28987]
[11860,37501,32313,32616,24152,32533,28410,27764,21721,36975,28793,21312,18681,32204,33181,32141,20143,31678,30163,32002]
[31317,32023,37047,34179,12008,34789,13929,32204,37616,11644,16699,13826,8807,9939,37501,21073,10932,37383,37401,30408]
[2122,10503,24591,18698,11860,15225,10946,33181,12857,28410,10355,21073,14810,37067,31005,37047,28986,28987,28989,34179]
[10089,16826,36308,10506,26128,10339,20897,15185,20143,26172,32020,12857,30581,37677,18681,15225,37718,15912,28410,28793]
[37735,33181,28065,30313,18146,32002,28410,32141,24591,35698,36156,12656,11113,13092,8819,28793,32023,20143,9939,37401]
[14709,21621,14048,10479,21376,37600,31091,12008,29344,10873,26932,37677,11860,31512,10454,26128,13769,10285,12857,8567]
[10339,32313,11863,28065,21671,27764,15225,10,28499,30701,18146,29566,16826,28368,32357,23097,10992,10506,11390,15909]
[37780,13769,33685,10,18698,32141,8814,32357,36317,37418,23221,24591,11860,15898,28793,32029,10479,11571,20955,32204]
[13420,10339,34179,15909,23221,32020,18146,30527,18681,31350,37718,36975,32357,30408,11389,28341,10970,29972,10355,10479]
[13420,20897,21621,31350,12857,10506,21178,28065,2122,37735,11647,31317,9900,37067,23097,10873,30163,18681,8807,18698]
[28499,8567,32023,29566,31279,37418,10285,29630,37501,12435,20143,10924,28341,10089,29344,29726,31678,10339,8821,21073]
[32020,37735,10924,30778,9939,36317,8567,34179,10877,32313,31034,28989,32352,9130,36308,10355,26128,15898,8819,11647]
[31091,32533,30778,30561,10877,30581,32812,37074,18698,10454,20897,15352,15185,15225,31512,28986,16699,30313,37401,31317]
[21721,11571,32023,9130,11860,37564,37565,10946,37616,30561,37677,14855,32812,36317,15898,20955,28410,17664,36308,28341]
[29726,21234,20143,36171,30701,13769,28368,16826,26172,28793,37195,14709,32108,8567,21073,37564,36788,32141,24152,32812]
[9900,30274,28991,21376,37195,37383,35698,29972,11070,27364,37780,32812,10946,31317,28410,33685,10503,13929,31281,10924]
[31005,15225,37383,28499,10285,14048,32023,2122,37735,36156,11070,29435,11571,11647,28991,32029,14810,10946,33685,21312]
[37383,18681,10503,20143,30408,13929,23221,14810,26172,16826,31005,10479,8819,21621,32020,28987,27364,11860,28991,34179]
[36775,21234,16699,13420,10285,18681,32204,20143,30408,37780,29726,26172,14709,10970,10339,37401,30778,28986,27764,21376]
[37418,36308,37067,21721,15909,32029,14709,28499,30701,11326,31678,10946,9823,9900,31005,8814,23097,33685,15352,36317]
[32141,31281,30581,11644,29344,10877,10406,24152,11070,15898,28987,32108,10506,21376,17664,37565,32023,28793,32616,36788]
[37067,24591,21621,10339,37735,15912,31350,30313,10,27364,37195,13092,36975,11863,30408,12435,30778,11647,37718,34789]
[28065,32616,36998,10285,9900,32108,13092,37195,14855,35698,8807,36775,36308,29435,28341,30408,33181,13929,30778,10479]
[30561,11269,11113,31814,18698,10506,30527,26932,21073,37718,27364,37677,20897,31350,13826,8814,21721,21312,23221,13092]
[30313,23221,37735,20955,32812,14855,10924,30581,11571,28410,37600,37616,11113,33126,32533,32204,31091,11326,28989,36171]
[11860,10970,27364,14855,28341,31279,37401,31512,9939,27764,21234,10406,23518,32812,10816,32306,29630,18681,21595,26932]
[30408,30561,9900,11113,32023,12656,11389,12857,31005,30581,28410,32204,11390,36317,37565,14709,14048,31350,37047,30313]
[32043,21234,10992,37616,37564,10089,28240,30845,20897,15909,21721,37383,18681,31814,28368,33181,24152,29630,33126,8567]
[10285,15898,11647,17664,18698,21621,27764,30581,26172,10089,10946,37195,11389,13826,14048,10339,29972,18681,32023,28065]
[33181,32043,14810,23221,30581,11389,26172,29972,28989,32023,29726,30561,32020,21312,13092,13826,31317,33126,30408,10506]
[29566,21234,37616,14048,26128,30701,24591,28499,36775,28989,15225,14605,37074,23221,34789,23518,17664,10454,32002,24152]
[28341,30408,26172,31350,29435,9900,37195,9939,37047,32812,13826,26128,32357,10285,8814,23221,21178,11113,28986,31091]
[28991,11326,37600,31281,37195,2122,32204,10,33685,21314,10479,10873,10970,10089,10285,28410,31034,11571,12656,11269]
[28989,37418,30561,14810,21312,32002,12008,28988,13769,28499,15898,15912,33181,35698,37718,32812,10339,10946,16826,9939]
[12435,31512,8821,28240,20897,11644,29344,34789,36775,20143,37565,21621,31350,14048,30274,13826,14855,36156,8567,20955]
[37047,37564,28065,10406,13420,10924,33126,11863,9900,28988,32043,11571,28410,32108,14048,11860,30701,28499,21595,31350]
[10873,26932,12008,24152,29630,8819,31317,10946,31512,10503,10932,28991,15352,10877,31005,30527,36171,28986,28660,26128]
[31091,31281,27364,32204,37616,37677,8567,21595,11644,17664,11863,13929,11070,14810,28341,33181,29566,13420,10454,30274]
[31317,36317,37383,24591,11070,13826,23221,10,32020,10816,30408,37067,10946,21376,18698,35698,30561,30313,14048,37735]
[30581,10932,28368,32357,28989,20897,36775,10454,29435,12435,26932,28410,10089,37616,11326,31512,21314,13092,11863,20955]
[10924,36317,28988,32616,37401,21312,33685,32357,15898,32029,31350,14810,31814,30408,9900,36975,36156,37195,10506,13929]
[28410,14048,12857,15912,36156,37718,36317,32029,37600,37616,31034,36308,32352,28989,31005,31350,10503,32313,36975,28499]
[37195,28793,29726,36775,28065,37600,33126,10503,30527,11644,29630,31317,32616,12857,10089,9939,36788,10506,28240,16699]
[32029,30274,37047,10339,32306,10,18681,11860,30408,32043,9823,32313,11070,32352,14709,32357,37067,20143,37195,36775]
[14605,10285,15898,13092,21671,31512,37677,15912,21312,10992,30408,31678,36317,21721,20955,36998,13929,13420,37074,10877]
[36308,31814,8807,26172,37616,37564,9900,26932,21073,11644,32306,30845,29726,28341,10503,32352,30701,32812,32141,11113]
[10,8814,21671,12435,10479,20955,31678,11269,35698,11389,26932,10355,28991,30701,2122,27364,21234,23518,10924,17664]
[28986,21721,11571,36998,31678,14605,11647,28341,9823,37501,28240,20143,8807,29344,10089,27364,36775,8821,37195,23221]
[32616,12857,36156,27764,32020,13769,11113,10946,31678,21721,31317,20897,30778,29344,10454,11860,30581,30163,37401,34179]
[31279,8567,12008,37564,24152,15225,26128,37067,32616,14605,12435,28240,37418,28987,36156,11389,32204,15898,29566,30313]
[26932,18681,32357,30845,28793,13092,32616,15912,31091,9823,11389,30581,10339,32029,37047,10924,16699,23518,15225,31512]
[21312,10479,10932,28991,30163,11647,9823,18681,32002,21376,29435,10285,8807,36156,15909,36317,34789,10339,31091,10355]
[26932,30701,20897,30527,30581,30778,31005,32029,10816,10503,23221,10932,16699,15898,29630,10479,28986,27764,37195,30408]
[24152,28499,12857,13769,37401,31512,8814,37418,10454,36171,30274,15898,17664,10932,10992,28988,26932,10970,2122,32043]
[30581,37074,29972,30701,11326,13826,10503,32204,12857,37718,20955,14048,13929,32029,15185,10932,8819,14810,24152,13092]
[21721,32357,31279,18146,37735,10,31350,29726,10285,14810,10946,20897,11326,11390,16699,21314,15909,32020,28065,10992]
[15352,21595,8567,29630,31281,23097,18146,37718,30581,33181,11571,20897,20955,28793,33685,11644,29566,32357,33126,37047]
[10506,37565,20955,28987,31350,21721,30561,23221,37677,12008,29726,30845,10873,11571,30408,28410,14855,10992,27764,11389]
[32204,10454,11389,8814,28988,10970,36998,29726,29435,8807,37677,37067,17664,31281,37565,10089,10285,37616,21671,28987]
[8567,32029,10454,37564,26172,37501,18146,16699,36156,28989,10339,31281,37418,14810,13092,30527,11863,12008,32141,13929]
[10924,32352,10503,29726,28989,14855,28988,14709,8807,31678,23097,26172,12857,37677,11860,27364,29972,37074,9130,15352]
[28987,10932,34789,28988,10946,14855,34179,32533,15898,30581,32020,32108,11389,33685,37677,37718,37047,12656,11269,15185]
[16699,18698,32023,28986,32002,28660,11389,36775,21376,14709,32043,21595,10406,21178,8567,18146,21671,12435,15185,11863]
[30163,18681,10089,9823,31005,10816,21178,18146,28986,32029,37677,11863,20897,13929,29726,8807,10,30527,12435,36775]
[36975,28499,30778,2122,16699,13092,35698,36171,26932,28368,32812,14709,11113,24591,20143,21721,30701,37195,15912,37780]
[28986,10503,10406,10946,12656,32023,28499,34179,12435,14605,30561,37047,36317,31317,14855,30778,28660,15185,27364,10992]
[12435,30408,36156,32023,28499,33126,29726,10506,21376,10992,31281,10877,36975,36317,20955,11070,31091,26128,37047,10932]
[30701,28660,37501,30313,37074,28988,30163,13826,10339,31350,32533,15225,37735,10,28991,34789,30581,23221,12857,37067]
[31512,23518,31814,11644,13466,10992,11113,10924,32313,32141,15185,31317,8821,9130,30581,28660,21234,10285,36317,32616]
[16699,32020,21595,33685,28499,31678,29435,11647,21621,21312,20897,8821,10479,28368,31005,36975,30581,37616,21234,20955]
[21376,31814,11113,36775,29566,21314,29972,37401,29630,29435,32002,32108,20897,31317,12656,10816,9900,30163,31091,15185]
[16699,8819,23097,37677,12656,37780,11571,33181,29344,29726,14709,21073,14810,12857,30163,8567,36156,28410,20143,13466]
[10479,31005,28991,10339,26128,36171,24152,37600,10992,37047,32029,11390,21671,29630,37067,28987,23097,8819,30845,12008]
[29344,37677,10816,12008,24152,10479,13420,30408,37047,28240,18698,10877,11860,11647,21621,37074,11113,30527,18146,26172]
[20955,15909,32306,31034,10873,31091,37074,15185,11269,10816,30845,30408,32141,29630,24591,11863,28368,31281,32020,36317]
[29726,30561,32204,18146,15912,37501,28065,21234,27364,32029,10,21671,21312,20897,11571,27764,37565,11070,36156,21721]
[10816,10992,30845,10932,37616,37718,21595,21376,14810,8807,15909,11863,15352,11860,30313,37501,28499,34789,28660,11269]
[28987,10503,11863,37067,14709,21073,37600,32352,29435,26128,31317,36317,11571,30274,11113,10877,37677,21595,12435,32023]
[30581,32812,29726,29630,23097,13466,37401,11644,10355,20955,28986,32616,37195,10503,9939,26128,32029,13826,21621,21721]
[10,37074,10946,32533,28410,11390,18698,11389,31034,32020,24591,12857,29972,21073,36788,37600,23097,37383,10503,23518]
[14810,14605,28065,15909,10877,2122,12656,10339,12008,13092,32812,34789,36317,11571,10970,28991,8821,9939,31091,13466]
[11571,30527,15898,34179,11389,8814,21376,9939,13929,10355,23097,9823,28065,10992,30581,21234,10089,14048,15185,33126]
[31281,32616,32108,11113,34179,30845,28410,30561,14709,11390,28499,23097,32141,30313,21721,30274,28341,32306,28987,10816]
[32357,15352,27764,13092,21234,12008,23221,8821,32533,29435,9823,10992,24152,32020,30274,30313,16699,32108,23518,30163]
[21234,8814,9130,2122,21312,28987,21178,29435,12008,32108,31279,32141,11326,11647,36156,12857,14810,32533,28240,17664]
[28991,29566,10089,21595,36775,29344,28240,32352,28410,15225,28368,37564,28660,11269,33181,11644,9130,14810,28988,37600]
[14709,37735,37418,36998,31034,15185,28991,36171,8821,27364,26128,28240,28499,37677,13826,32043,11113,13466,29726,37780]
[15912,15898,11571,21312,14048,28991,21721,29726,13769,31814,10924,37195,14709,32020,32043,31281,8814,23518,21671,29566]
[32043,11644,18698,23221,30701,21178,28065,21312,17664,37616,10924,33126,29566,28341,37401,10339,31317,13420,32029,32020]
[37067,12656,28986,9939,12857,24152,15909,32313,9823,21312,36156,13466,36317,32023,31281,34789,10946,31350,14048,28988]
[30313,21621,32306,10089,23221,29344,29566,37780,28499,32533,21595,32023,21671,10355,30701,11113,37677,10339,30845,16826]
[30274,32043,10503,36308,10406,32306,18681,32020,10339,24591,30581,10454,20143,27764,11113,32812,11571,14810,36775,12857]
[34179,29726,32029,10970,36975,17664,10924,37501,37718,37418,27764,33126,36775,33685,31512,10503,32352,11860,28987,37735]
[11863,9130,9900,28987,21178,8814,10339,32141,11644,28991,31814,28065,31281,2122,29726,37074,29566,31317,30163,10454]
[37677,36156,10285,31814,20955,30701,10877,11390,26172,8807,8814,15225,10873,23518,28341,32352,28499,21721,11863,31512]
[8567,21073,32357,8814,18681,11860,32141,10089,10454,32533,18698,28986,28989,21234,32313,16699,10992,11326,13826,34789]
[37677,13092,14709,20143,13929,28065,15909,9939,30313,36171,21621,10992,15898,11269,30408,31512,21314,37383,13826,28341]
[18698,28410,10089,30527,26172,36998,33685,31091,21671,9900,23518,36156,28991,31350,37383,10924,8814,10406,21178,30163]
[23097,31281,28065,15909,37074,29566,10932,32357,15185,11647,11860,30274,37718,32313,32141,20897,11326,10946,33126,10339]
[32533,31350,31317,21178,27764,30274,10873,9939,37047,15898,32023,21234,8567,32812,36171,37616,10992,37383,33126,30163]
[20143,30581,35698,16699,32023,36156,12857,36788,28991,32533,20955,8814,10924,10816,26128,32357,26172,37383,9900,24591]
[20897,11113,31005,31814,21376,30527,14855,32616,10970,21595,21621,15909,10992,28991,31350,23221,37074,37047,10946,16826]
[11644,36998,26172,10506,32043,29344,26932,9823,10970,18681,37718,30163,11269,21671,10932,11070,34789,32313,32533,20897]
[23221,21314,18681,30408,34179,10506,24152,11070,29344,37564,13466,31281,10454,8814,13420,15898,21178,15352,28989,12656]
[9823,30561,13826,21073,28989,31005,31350,30581,8819,36308,9130,37074,15225,37383,12857,23097,30845,26932,36975,20955]
[29344,33126,14605,31317,11269,30778,32616,24152,10506,32313,9130,21314,15352,21376,13769,9939,10877,21621,12435,18146]
[11571,29726,11863,10873,2122,24152,31678,30274,11647,31091,31814,30778,37418,10339,21312,10506,37780,31281,37383,27764]
[10089,28240,10932,36975,37047,29972,13769,26128,16826,11389,9823,11571,37564,9939,10406,30313,30561,9130,10506,32357]
[29344,37718,32002,28986,30701,32357,37047,29435,21595,13420,14048,8819,33685,36998,10924,8567,37677,36308,37616,21314]
[37735,28991,29344,18681,12435,31005,28499,28410,10992,36317,27364,28240,13826,10339,8807,17664,21234,36788,10503,18146]
[31279,31005,11113,10089,10479,37600,23097,10816,15225,29435,14855,13929,17664,28793,27364,32020,21721,31678,30561,11326]
[32533,31512,21314,20143,30274,15225,37718,37383,37195,2122,21376,28410,21671,17664,28986,15909,10970,31279,11647,11860]
[36156,10089,23518,32002,28660,30561,12857,30845,10992,32108,37418,32306,15912,21073,37616,21314,36788,10479,34179,37501]
[11647,37600,36156,29630,37047,15225,21671,10506,28987,37564,32029,10479,14709,32108,15185,10924,30845,36975,26128,15352]
[10479,37501,30274,14855,16699,11390,8567,9900,14048,32204,33126,32306,20897,30527,23097,30581,11389,31678,8819,28341]
[28410,37418,37718,21721,37564,10285,14855,21621,13420,30408,10503,37501,29972,13826,20897,36788,32204,37074,10406,9939]
[12008,37718,23097,36788,32616,21376,37195,21721,31279,15898,31350,10406,14855,28065,18698,36156,13466,28368,9130,37074]
[18698,31279,37047,28793,28988,2122,31350,30778,32023,21721,23221,10873,37600,21312,30163,9939,10932,16699,32616,32306]
[18146,10339,32306,15185,27364,31279,36788,29726,11863,37501,21178,28240,12435,30581,28989,21312,33126,12008,28368,11860]
[37735,30527,13466,32352,8819,37600,29435,8814,33181,37047,21621,24591,37418,37564,28410,18681,21671,11571,11860,37677]
[30701,23518,28410,10506,30581,37383,11326,9939,32812,28793,11389,36975,14855,29630,20897,15898,21376,36317,21314,28368]
[21178,30527,33685,13092,29566,17664,12656,30701,13466,21314,11326,11269,30561,36317,37780,10454,21312,28793,20143,10506]
[30274,32306,2122,32313,30701,37401,32616,11326,11647,18681,15912,28988,21376,37616,14048,8821,30163,28368,10406,21314]
[15898,37195,33126,37401,29566,10,31091,32204,12656,12435,32108,30527,16826,32023,10503,2122,30274,36788,14709,26932]
[13826,13929,31005,37067,14810,30561,31512,29435,37616,30845,31814,32533,27764,28991,24152,21621,30701,14048,16826,10924]
[11390,10,37047,10454,21376,10877,31814,10816,29435,37067,31281,21312,11113,28499,26932,28240,12008,18698,37401,36156]
[31279,21234,10406,28065,10,10479,12656,13466,28986,26128,11389,8819,15898,32616,11860,24591,13826,28240,10992,29566]
[32002,10,32352,31005,11647,11389,12857,20897,26932,36317,9130,8807,32357,11860,37780,15909,33181,28410,21314,32108]
[18698,32352,37780,33685,30163,11389,29344,11269,11863,29726,29630,31279,30701,35698,28660,32616,37677,21671,30561,27364]
[37565,11571,10355,8567,14605,36317,17664,32616,23221,21721,27764,36998,31279,11647,32313,8821,29344,30701,10970,11644]
[32352,11389,10454,30581,18698,37501,13826,32204,10355,37383,21376,23097,12435,21312,32616,33685,26932,13466,21234,8567]
[14709,28065,32313,37677,30527,29972,10339,21073,30581,36975,36317,28793,28660,28986,15352,31279,8819,33126,29726,20143]
[30274,37067,28660,10873,15909,37418,36156,30408,10932,28499,10406,28410,11326,18681,31350,10970,9823,20143,18698,27764]
[20897,37047,23518,30701,10089,30527,29566,21234,31814,10506,10503,32313,32023,36156,32204,17664,30778,29726,8821,10454]
[36975,37195,27764,10970,28660,20897,37564,37616,36775,26172,23221,31350,29344,10089,31005,9900,18698,10946,13420,37735]
[21073,36775,30561,36156,26932,10285,12008,28987,37195,14855,21312,11070,30163,30778,32533,10877,18681,8567,27764,18698]
[30581,8819,32357,15909,9823,37565,23097,14855,30561,8814,11863,34789,32204,10932,10479,30527,37780,36775,11571,10406]
[36998,13826,2122,27364,36171,28341,20897,32029,10406,32306,10,36308,31279,37501,11647,32108,32357,28410,32313,10877]
[37565,28987,31091,26932,37501,10285,21671,21376,37600,12656,11390,37418,10816,11389,21721,28660,32812,15898,34179,12008]
[10,36998,13769,37677,12656,31512,34179,37047,36788,2122,37735,36317,23221,15912,10355,15909,30701,18681,30408,32533]
[10406,28368,14810,36171,30845,14855,10877,11326,23221,26172,34789,31281,32533,11269,21073,29566,32313,10970,11113,13769]
[10970,37418,11269,32108,32616,32043,33685,30845,20897,21376,28341,29630,36788,28499,28988,8567,36775,26128,15352,36308]
[37677,37047,11571,36975,13092,33126,16826,8807,8819,10970,18146,32306,21178,28989,23221,37501,26932,32043,37418,8814]
[32313,36317,32616,28660,13769,37074,30561,15912,36788,37718,27364,32029,29630,16699,11326,10285,31814,23518,21671,32141]
[27764,33181,28991,11269,11571,28987,11389,36788,37780,28341,36317,13769,31512,37047,37383,31091,10877,37564,21721,8814]
[36998,36788,15912,11390,30274,31281,26128,10924,21234,14855,13826,28986,11647,30581,34789,36156,28987,9900,32812,36171]
[9939,32020,20143,29972,10970,36975,11644,10924,32002,11269,33685,11390,14709,32533,31512,10285,11860,37383,21376,8567]
