405798
448399
266074
244263
259979
437913
262072
396666
438660
442585
273768
566777
272544
259272
286163
240819
111247
427453
244749
424204
409691
425184
486501
572710
233791
257184
274338
286438
269787
272959
426123
409545
240091
572520
396892
259088
89849
237727
411634
258060
262474
434895
121067
404448
241231
442874
273614
440392
442284
423760
571345
274383
258862
426369
264899
118934
6820
91990
393611
423190
257561
266271
244684
258663
262694
269352
264427
271043
256209
249880
420798
241519
423450
395784
449191
377284
263247
259252
258171
286549
312683
285841
414328
412930
433555
406854
241758
572157
447149
405805
281038
2846
275893
393076
395308
247840
452445
263638
248365
560573
572225
405925
264862
241960
268367
95709
397830
273451
258131
171303
253730
276617
114747
485350
255609
268827
248537
118674
108244
258062
282458
52436
274634
393407
424496
397690
286435
441268
282490
451113
408641
448503
442626
436267
441808
88630
267175
87828
272606
391914
393985
243040
411206
250083
255096
266280
6638
252943
424458
273294
434141
571241
503298
267007
437542
403657
443893
276706
241024
412274
572273
244981
263256
272744
488209
437285
414649
118116
572648
77511
407433
257528
243253
397480
33509
244940
271415
427944
272696
437939
262722
402545
394406
120252
426917
399255
272754
251614
408745
280486
431641
263974
240075
412650
264060
274349
397009
425097
423315
427652
275463
397248
114577
413824
261349
284850
116483
120028
560193
445603
445596
276442
570873
445284
249803
250258
120113
255682
33419
260938
430202
286844
441848
247763
393668
256346
257199
244285
425345
264066
246564
276515
245888
405768
111115
119576
572369
257099
435478
282421
262768
402462
259447
283823
286058
265798
253481
251732
115147
200400
249012
240912
403399
276056
281952
251112
90355
248912
275314
287072
572555
437443
445952
427362
437782
405739
248423
405660
259999
406106
451961
285922
394971
97512
441277
258666
393444
232000
407695
445521
90670
286529
116869
397061
438993
395747
262455
122770
6727
379323
421685
426030
235204
248060
425990
275911
441722
247767
192006
281259
272965
557403
276001
437351
251110
257804
422373
261356
259530
406062
264925
287260
254110
254081
424715
268034
249421
397517
278353
393366
572090
424467
393216
260148
394496
406234
114099
434983
401352
441068
255076
115102
258456
397544
269979
253512
448766
249015
238105
419764
257662
425813
260353
261851
259710
212669
259925
445254
90403
259140
410564
448983
276872
453188
571425
424958
254974
414007
419701
285949
249449
425716
258635
433477
483945
572673
251813
405845
245066
252622
397831
395250
488825
432015
242782
217865
569823
89161
109760
415432
418042
252496
437261
442026
112587
411703
244382
489709
256633
276622
255693
437070
454414
423887
259283
110692
376953
239940
257808
260141
273241
392783
404919
487464
501168
259473
247440
250687
263459
280987
391714
446038
432169
498212
438869
253167
436647
393743
150086
415355
571196
392076
266222
437490
392711
246307
420927
119416
234018
572365
440560
3121
272725
228015
439323
258248
93356
572785
446965
432413
263047
244657
264120
269756
279884
266348
450124
419961
412471
450115
393428
250417
120530
244322
119490
421678
427432
111511
393460
444348
256181
275654
424303
255588
237407
424692
432010
248311
428353
75217
381253
496947
118902
437576
256130
406962
238011
402255
408515
248561
441395
571634
263558
406657
409902
442620
260694
274462
272689
407859
242320
405952
119541
422260
401594
432975
562471
253478
412869
240696
441895
489978
113978
250207
406173
429354
82720
434552
451237
243216
559630
444730
394177
438628
406140
571259
271908
404828
237924
450625
216454
282103
268621
446147
452533
397953
444632
404981
430446
94737
244350
248280
271500
408477
561993
286803
109407
255989
380861
436431
423660
251649
276681
572717
249596
326555
430188
407087
423518
559801
252165
397367
120611
117338
95311
256334
392659
263905
111939
256532
406003
247474
267009
270736
71667
248238
114780
438703
79242
261020
442345
431618
452434
560396
515837
395967
559105
261823
286189
249475
279345
420531
261217
107834
494978
452786
266800
264171
429007
251276
248454
449833
240773
404955
411713
248241
244043
430913
419723
5433
82038
242462
245571
248762
396981
414413
250073
253912
240968
274396
242928
114424
260207
260931
238341
235327
2413
399225
267642
571435
423601
237638
251921
559796
427978
272571
440986
449491
258533
271506
95456
393403
441893
229833
118954
425528
248879
253226
392308
259887
401676
112321
280799
270229
414577
245670
559971
434768
505262
439835
398345
250388
259025
395937
82866
251816
432096
265744
419903
404038
412331
286376
251779
7013
444149
434535
280977
445904
452188
428968
241631
430315
285292
115088
112177
267047
261143
490967
271698
372037
404422
423838
245766
218688
251378
492661
264962
271557
252446
266167
80611
120235
121079
267595
440148
258531
255169
441112
437507
441833
394249
260912
449551
572126
496697
403711
447771
251465
437324
322769
242130
439896
259837
424291
437167
279763
254930
273285
497824
239814
571084
428630
423146
423555
572335
253027
257814
92575
429861
393605
258137
424786
427443
259047
286742
118910
426427
386506
430462
258927
444827
171259
572687
78348
442165
253441
408180
443326
269180
248904
411378
112310
242513
239927
438317
269493
239718
259982
248615
108480
120701
431400
116698
451050
236196
567035
440331
250280
397110
437938
442565
233871
414087
450400
511263
394506
496777
286481
276243
446750
77621
324382
267906
443196
448880
255810
271156
572103
262840
558894
89276
426408
255385
239838
278186
273236
394246
400857
101558
425808
435821
258889
253316
91864
260605
414595
571623
423817
255043
257136
111336
398102
375908
438598
407544
124124
247591
373011
376972
414324
107975
405992
438964
233442
402907
450185
443989
445156
90530
425837
404664
430150
393456
260043
429741
419808
422231
417206
424327
432197
571786
423080
120089
409153
440199
270938
404026
91032
498253
118587
425938
263973
258913
117528
246017
246014
254055
236916
111645
257070
432277
240575
513194
118387
421410
273519
249870
425930
265518
248315
267563
252408
571905
82904
426760
569964
437344
393538
396474
417888
247088
117542
210683
439094
283694
286269
406811
449260
242282
244723
233431
251225
393681
261242
264139
89574
499399
286909
449679
572681
396199
372582
401866
401278
403109
262444
248370
561450
559163
453032
464561
572296
238810
273252
437687
255603
238153
246328
412251
434163
397679
404564
263153
567380
283821
266696
247912
425619
431012
497363
270783
276897
453182
428508
405963
423035
419721
436328
488287
121905
252763
120144
274852
436984
428753
274501
254896
559477
252834
275090
257459
68770
411205
259885
425348
261973
440008
114648
422044
119742
256053
254873
278351
421331
399553
252398
248451
247733
440051
263090
244293
395818
488847
111732
428907
396659
244173
398986
114751
487664
440138
267320
414198
255449
421132
422121
447280
262676
436479
282262
445482
499414
247577
445065
572141
449014
248802
254732
249247
273415
452958
440643
273776
487973
309737
404952
421970
273908
33408
499463
438410
257014
270279
439185
426644
396784
393861
390280
71816
118276
406820
265817
258134
268048
250960
428077
436606
429731
279733
257533
6713
435601
394360
497269
407111
395660
418744
79815
281867
112943
432195
114831
119501
267661
272429
409819
405173
249072
370873
414099
254788
101463
216613
256533
398433
261713
275748
254141
286338
232665
441870
116765
432460
497121
500670
249673
281496
561509
448922
435926
488609
275907
432725
239949
96766
439437
240103
111387
425777
425730
432078
114390
93719
398834
433432
107428
251904
425090
94231
249206
415275
269093
281812
262304
239160
268715
119067
572778
249706
403741
437405
564686
276072
452736
434696
252374
231831
396556
252316
277348
263342
411420
265436
406473
406170
560054
282241
246258
444760
250972
249208
438735
287130
90121
105981
567944
88319
446164
432739
235282
441420
285904
251694
253137
394169
553697
425440
251395
426158
254865
246245
250410
284084
393990
451570
488702
257952
444101
261848
437543
409763
262805
88786
270501
245482
276906
412538
443560
374453
244446
448853
410632
247435
281601
570924
255910
250735
50301
412457
426764
448023
489448
44061
571430
247303
447635
249690
572562
451915
397089
255757
406890
111537
79099
270289
275591
433770
444166
395380
571896
2036
423165
350439
245178
438743
273234
257322
252879
445515
244029
425608
392871
442936
116640
334502
257644
254780
422905
257876
264858
274428
442179
432034
77658
257964
484142
260233
67010
267255
420931
412891
269235
116361
247016
448545
10477
424814
411220
273832
245894
424587
412042
87193
120000
89972
249322
572708
408097
118619
404635
396737
264295
450076
251602
443523
414870
112685
77617
254121
244348
262955
264911
120373
260083
244276
277935
109759
269586
333999
272426
91978
248361
235401
373014
405702
392550
489441
366347
236080
272581
194949
438476
424992
235639
571882
282824
284465
254031
251031
238724
451569
411945
264910
275889
276523
39176
268923
250823
257302
394842
262193
272809
413735
120653
424833
392262
111191
482825
244894
260570
118790
398042
264324
90125
439514
405164
384082
559445
422431
421990
308770
259921
560171
104126
434246
285827
443896
572104
258129
244333
276467
257004
407504
261163
256401
120079
443494
394424
242710
279307
424784
443745
119773
414864
428732
441791
1928
542554
434786
438316
393624
253936
322910
434620
434221
442649
448749
423154
100372
271077
247249
245534
114198
399716
441461
571752
246623
434778
276246
261942
432247
255356
255717
245880
495114
452986
250911
270068
246057
444519
247852
247766
240641
9911
273153
437224
270608
273691
249321
274759
432930
268541
425500
436268
246064
93233
239511
107810
445243
562684
396768
254599
431102
557757
241224
424889
441530
35272
268918
392576
446171
438702
449820
281348
404983
249305
438125
444255
432685
281167
257351
414694
45662
428945
393497
498967
257523
405126
286563
101221
279202
286022
274795
248677
395148
274019
424789
425186
259587
115121
398843
115696
420854
249918
430250
112751
98205
286157
250792
248985
505604
287209
442066
450160
561117
249249
498997
275983
411627
273468
441084
262882
431033
9357
117813
274460
281765
430762
265283
422420
395134
111740
81153
489073
393707
261339
375866
278758
269895
441629
111363
243331
276494
421983
119920
309735
286209
250922
432219
374952
495187
562948
261880
283113
90782
236149
243009
396664
282508
572642
282122
504976
244693
437186
249143
404023
266680
256306
255950
237530
256298
544335
415065
268792
264974
279079
95765
245379
404773
245140
243718
115275
113100
496504
249059
265997
294413
431383
60125
486793
116419
423893
562800
504256
249793
259731
493852
279625
103243
284524
8049
418447
412931
110306
244304
434996
401133
405662
259631
432584
412083
249685
265360
260395
259004
391863
266882
398395
266804
427621
262500
570214
142088
392031
268896
54381
265171
424793
264452
270224
452742
447442
400058
235235
511467
497857
393308
393945
409714
496819
265688
97631
435032
281246
443862
253504
267824
412269
395910
437359
248596
118748
264222
394565
281632
427927
115008
249898
404991
437283
93665
120739
438928
238221
483926
427656
437410
440210
286482
487600
434863
249895
89943
405675
449294
406199
418024
256573
279508
406060
247673
513880
452549
448104
572854
117510
266270
420145
38587
451899
394546
401193
120069
422147
252137
421033
435491
437148
265717
430172
396154
273434
238285
267759
90517
502244
287141
110417
442116
250591
495499
286877
270499
331201
414825
511724
401332
271452
397378
257223
270640
402810
408383
244359
278347
431341
120940
392387
442604
431398
278774
412900
428226
118990
268317
244258
559866
91985
420484
111519
240316
268143
265976
397509
329662
398518
425936
453238
572397
78948
441695
425254
273528
427214
270338
432825
392065
411871
281355
262567
183574
427920
403966
338918
566638
263008
415386
244112
247187
435806
411990
425160
261222
559957
115722
500904
274531
492653
264712
313267
108117
264113
396415
419793
407339
256247
249843
430562
408585
446328
269292
85429
91307
158539
69170
248967
53558
111450
117046
429604
283211
437581
255867
423570
341784
253383
397030
110145
412908
245546
427128
437073
261857
266786
250737
257283
84453
262170
83070
444841
444735
283841
276069
331745
254396
245356
218466
260654
393090
448870
265810
488013
281813
401486
244379
251415
252235
251895
29959
275190
394046
249753
412041
77597
275040
396626
442694
248585
424424
286323
488243
413814
112568
277471
108373
376387
264737
449109
258472
261188
452767
241564
410762
427300
451013
275999
427923
243933
441616
392851
115375
262966
443175
426559
442747
232173
412788
434925
503443
426782
570525
500828
279327
542152
392619
116204
489628
286193
250871
240534
252756
403951
119548
570897
433322
322173
272490
267223
501740
429236
286408
401740
263124
443337
433234
242646
374986
247891
438233
248008
447795
410284
431183
560498
273688
278632
452943
433178
562670
259051
412678
259753
86916
109745
92862
432043
266055
237481
420496
255513
396719
247337
285887
265498
483115
255967
273927
399714
252121
423032
267251
256670
283173
273000
258738
115432
451200
250293
423991
441668
429482
572798
498315
452026
403147
443143
251881
276780
398021
269760
241819
256549
398595
255671
80849
434027
447984
270074
271155
268178
261400
426110
262965
243218
425748
452948
278978
274139
253986
265031
239795
244371
392892
268480
281335
398824
412459
434737
404855
247862
119533
281342
116286
41686
431514
240474
452683
262048
253586
120226
277016
271042
497103
254559
256233
432173
399051
279800
236388
245570
425342
91490
435245
401953
433066
497440
433897
393903
103855
250503
398892
408335
414417
441360
397595
246788
270873
441353
484480
437553
249881
254461
438523
216761
270597
412750
442486
95339
121008
111543
85166
258548
428598
253317
263774
104522
9097
444276
246283
266126
266874
416533
120112
423766
496746
256314
262837
100892
432344
514035
407543
514354
404930
405920
426361
486267
261842
420883
275677
451630
329500
274500
446463
431724
308706
402023
83628
429277
329211
281166
256788
408358
257661
244874
271232
408132
119719
428997
254249
500402
249699
420737
426562
443540
85173
428286
422958
557840
119103
282698
403809
449564
283022
277454
425485
430311
397411
241395
218741
103141
371479
276796
430192
283207
371219
230738
261100
264496
438278
241304
451143
258199
263490
427364
110745
395621
497120
404840
412142
449197
568706
267369
259476
80532
121374
266695
283408
274804
489116
112038
216792
117885
426970
421503
483458
557894
402301
266153
423919
408880
75125
247442
397078
398496
256761
438240
252033
451176
99231
255123
274716
423064
256394
278398
404729
37929
239640
449337
410943
374049
244887
413953
248973
114452
405981
250878
572121
424940
6556
431423
285935
256077
429419
452844
483870
428037
259475
82891
283379
534258
403290
255608
551744
244506
398938
254777
273417
241701
572596
396873
397712
396214
445319
505017
396742
269391
286111
245346
257590
278916
442329
6041
430244
418741
267587
569918
244898
413977
358421
451946
248587
431419
395598
261302
256058
256512
268932
421186
218543
253590
239547
117118
96340
402903
570819
251710
437530
247831
572617
120997
266563
430716
111806
282465
485169
248586
262601
437805
260418
512863
443485
376759
397600
568644
398601
394142
444435
452869
497579
260660
269407
433976
113220
79343
427237
119979
498950
118219
261602
426107
559408
262639
269050
439977
413575
117434
261607
430546
451393
572653
505541
264341
438838
256139
254934
315481
251967
432325
91933
434749
417092
261744
100576
495948
444419
79713
120021
428178
396775
260028
272681
403401
232147
77010
426880
286061
452206
279772
266514
261036
267443
435635
393470
435606
251725
413994
257782
229507
539178
250637
216158
116881
488975
255555
250175
430584
119739
373605
432720
254869
280297
496838
412391
117319
35078
490543
260586
257030
481066
384498
423484
120018
236018
259131
120301
393987
240021
247538
252223
446365
270416
438609
51393
572391
429329
261817
100213
262949
431978
279234
254139
239061
247586
268135
425595
420572
79254
235517
244081
446666
257744
283260
65901
439247
112300
397985
250869
401010
393344
265579
483307
103587
247652
446464
433275
558927
269496
88771
252708
438032
412337
256372
236704
238502
275894
107676
251688
516887
259466
96218
255470
425899
119851
116077
275699
251700
414539
285289
247557
557428
396938
398769
251055
429839
276398
414770
252747
261084
275330
404302
572893
542660
286645
371225
336933
264097
421144
264142
275898
89437
398442
425279
273166
504102
419674
245320
278334
424384
396048
439589
395127
431227
323885
499099
428495
286489
496704
238726
572222
371021
440850
244856
443174
267679
116185
120037
394670
434476
450569
447693
396129
248841
451835
102819
449209
494605
250999
572574
433251
483154
249471
429759
253604
219155
572072
114253
442573
426339
452666
530271
436061
423144
421914
275847
249325
111741
260910
448214
116180
487379
112108
231029
109861
247634
422445
270583
261679
103095
264471
239367
223115
250414
277616
249489
261073
398057
121005
246489
476869
423937
438365
263827
95485
248127
7194
240416
240503
495358
247493
427568
402406
283127
437829
415392
247484
438458
283203
35533
403450
247451
95643
495968
101055
416330
229369
240376
279684
104390
406282
245045
256164
92028
439766
256523
372140
397180
247600
396554
422600
395181
266050
89173
443935
251228
96347
115198
269548
250634
101877
401510
260402
441153
233760
101144
81184
453948
449400
417552
572744
281779
287015
569944
439653
403355
437263
424115
254311
424530
497712
119028
421844
258984
32973
258574
497338
431404
427064
407841
336381
273603
252163
372551
412517
424806
433887
431598
437076
398685
281205
491000
119530
360298
417573
256057
570702
325547
277549
256267
437064
532226
244941
269614
115179
255596
275824
372161
264217
33959
255129
571344
274258
439048
439149
432636
393342
450194
442770
392027
256203
431054
452880
264042
500295
283005
378358
439918
443813
227953
250034
433214
426001
452947
249859
238050
442439
262486
484744
254007
121056
244669
482932
267557
260338
245842
451500
405417
10248
234472
252355
113909
559993
435584
90988
120548
117674
433872
136164
275606
272913
231451
114977
286095
119600
440996
491931
258740
512943
244806
396171
437466
266342
114001
266719
485692
265675
8101
73379
444661
252516
451345
436681
394090
262022
246337
50216
425652
405643
452965
242762
263480
277982
412670
60377
101856
444093
302692
169151
91331
426785
245635
394668
453211
272876
397625
572450
493843
434388
244233
419208
242524
266676
412736
391728
119610
119286
261206
431990
276007
393472
434373
422484
397623
101023
96884
252862
560135
423671
410045
245304
261946
410222
246479
421516
277444
254481
262878
271903
421435
436992
451209
282486
260361
256879
398026
261079
114833
114664
246586
256528
431601
489456
281773
270026
421447
85746
392241
238421
274658
89027
420081
274723
441259
247426
269610
240035
280776
453387
276369
446033
411204
396186
559150
95609
504667
262095
405320
273680
437825
112157
250819
501615
426066
335731
102270
420389
92669
251206
421183
436522
250669
445862
118527
483426
253663
429767
567421
396215
505549
428306
253332
272740
442205
271189
266926
435988
263727
423267
92694
118284
60689
403127
250666
84680
259273
250947
113863
274146
264336
419421
248100
252855
439399
409787
423499
372858
414975
254706
238414
403825
254237
412099
32587
571864
246026
406563
415062
350837
415098
542705
267008
34429
277624
431737
259076
248117
237773
250888
119500
432826
572080
250056
262207
438581
425367
250098
119458
101822
420551
394997
283535
405854
431249
256682
250174
446501
434980
425375
324485
398446
486825
246260
392750
111522
112071
488367
247621
270242
261808
401459
435823
272550
95073
447607
45245
449827
276191
437499
272921
435462
442627
113811
96484
260224
484521
256653
267619
88929
423563
489698
486480
249847
259917
428865
447389
438351
96073
250238
393242
2870
267129
445458
425960
430295
262480
420702
420549
396432
272106
259717
412595
274025
247748
406144
248664
421752
569603
241127
405971
117785
219356
301215
434501
237564
111284
408866
268378
327649
118816
100079
438219
270979
571527
402982
237260
112214
437174
240413
111056
570551
396860
253743
261637
571572
302000
560466
490209
397516
395876
113633
258341
371874
274660
267530
452001
432506
272231
256241
411726
277423
92212
119354
424521
236364
64947
423741
266274
421920
427009
121084
246860
423877
79690
267754
444432
419184
256379
395524
422765
425452
264987
279873
421753
277051
117556
403780
422024
436182
104671
425822
275042
243715
451042
253989
283714
448241
429907
261130
451246
407010
387441
259531
247895
275683
441047
424241
440921
433290
439407
259648
428561
501096
119254
249331
252597
117900
427903
110452
412947
257679
286600
393913
379723
92698
247704
115389
256622
113365
110742
572603
104014
439853
441717
448131
395381
406739
268636
119503
399600
236219
541761
392803
2558
274540
251818
256819
119853
420309
251534
395075
438084
248769
82545
397917
402779
280598
441904
263742
419704
261778
396477
108492
261537
398434
423545
442470
572048
244703
440050
446268
431998
286823
107798
117102
439370
488513
409503
270590
297814
245823
251595
63855
220580
116497
119616
500064
497152
395461
120345
44796
449531
272228
440505
237270
73488
244144
407314
251927
433331
265889
407769
265126
261956
420481
81409
488785
326130
429606
395485
487409
259624
236074
253308
441946
256739
266159
444092
446589
431219
286024
264131
406204
116206
442671
115478
236342
267469
429087
261386
412435
563423
87212
485837
272720
441797
249969
103595
244700
443088
570124
265650
413249
245778
445611
429134
431280
411157
286299
258732
429460
247236
440724
256395
393430
448500
215808
419885
403165
279114
270433
404440
434316
429167
513976
31610
246556
446907
265090
496770
249734
118756
250540
52604
114251
286305
429298
80285
420646
426904
265926
445539
445744
406805
244141
502580
248366
393162
572088
412112
337947
258950
432548
393116
550410
420607
441725
453572
427801
84906
571802
254530
375497
395225
413708
238802
89150
490080
111888
259258
109677
431277
250475
404948
251355
111205
263410
248852
275813
275444
234003
282666
572374
251948
444065
267946
405876
249553
263889
286096
257513
422005
104208
373850
260622
445129
258075
428785
396166
512708
402689
245165
272615
397899
452629
408568
258593
44753
520531
414921
93158
504275
253509
431536
263679
242728
423296
428397
436152
439430
240139
397310
446373
259557
278846
412291
257674
259207
383530
437387
254954
266395
66732
287235
445395
422072
432146
483382
252698
246735
249197
272446
250072
80442
253452
395543
120281
438077
403851
393955
423168
267822
274954
490831
251138
256678
271184
422799
248034
452107
267741
431122
250980
107421
257512
100361
256510
444153
437832
94294
491320
320603
383705
438687
278721
450963
429671
326692
447980
244578
256066
440691
252608
89323
59568
273369
445006
111910
412204
430436
218211
434005
380571
257536
572703
431519
432024
271021
421977
110320
217474
119557
258562
325082
245141
280458
100823
255395
412131
236425
421431
238474
41402
431578
427132
263922
259086
179932
272303
408047
513327
392019
251560
119453
36946
422573
453325
278794
264166
442513
241429
253288
285564
245659
257005
111361
119811
119400
423792
245114
104572
94947
37760
406046
77378
103207
488447
30503
431094
229489
438664
400201
377081
123064
286443
241319
531171
439910
423476
261598
441975
268835
572060
111862
81842
402533
424602
279080
249093
76964
428867
439166
262021
258668
91163
247753
90170
429246
263644
445060
275567
404443
92776
395006
263135
505068
78400
397903
407912
85266
266528
427817
242234
420269
253099
393496
191743
426477
394044
271320
120549
264278
397832
105003
558487
60065
241181
567331
426930
434766
114283
442792
394762
266771
270712
406180
426706
254256
483806
279524
427294
245234
114519
268113
440404
423690
247260
99701
435158
265585
445740
282636
230962
418256
237710
33087
488672
483822
487293
425030
71379
501066
447130
312180
442346
438267
371833
258544
111092
252158
451669
254976
427802
429920
245440
453247
489075
271853
270540
243991
394364
408445
260260
61324
103338
425878
411754
265804
403576
498484
273407
84547
115038
414751
279308
432689
264740
388922
238738
486543
278500
270131
396909
444690
426483
410031
322865
442783
400806
246295
451768
274480
275349
449439
572153
271972
427471
262274
270389
429556
256868
245068
394031
235319
281827
272020
231030
433614
488949
428995
249740
251245
341800
279225
99279
165896
263369
483476
237717
452276
271535
393471
266903
259773
375735
264062
102337
260466
439634
260521
245116
257908
243978
390134
93298
255406
572499
88004
396582
282377
412157
96305
504280
258560
119838
444516
265314
110878
397809
112713
252982
264356
94935
267035
398917
253901
435508
272590
270017
426058
427370
422376
424169
439788
445610
488019
10272
302023
567762
447332
486637
566294
252143
243093
263807
79082
266687
246494
499614
491006
393963
448559
283520
429110
274344
252539
332328
261793
415868
243688
278585
277863
393995
437967
275660
397046
251064
385001
36934
242992
250487
247777
405482
426503
425866
430953
422166
441536
242237
496622
504788
434139
438049
85041
263740
323830
437671
558344
437132
432857
395383
86077
422275
323375
425459
278709
77135
443561
439394
311299
346698
428088
420525
42207
256747
275965
404587
429601
429331
451888
248307
262115
254357
266458
285982
102008
572260
497688
118649
423896
449743
253173
229105
400502
118689
267274
430234
426837
441796
498495
395369
247458
119228
572506
410820
267013
54505
286046
268140
279764
113765
536442
256032
278209
399518
282661
30046
136105
239451
562717
490186
246207
262875
441272
439425
274158
261095
496886
238525
393327
452240
264833
420410
275725
393390
267697
185174
422672
244148
117757
438225
216531
269004
452146
244967
263893
247955
428465
392543
276799
10922
117301
427637
30098
250496
95397
426090
572669
419678
191546
427880
397077
452310
270849
396136
393602
405114
498298
436034
285925
281984
278540
452133
71224
269568
78480
234870
114819
275985
425783
424758
84181
320316
111048
443772
422828
213116
450272
268778
245431
396296
271976
435786
272671
380821
436063
451663
451282
451211
405006
244387
116466
400464
397841
393343
451640
418161
264477
267209
437353
255995
419455
258368
216366
247531
261000
105512
263847
504020
109548
410345
68232
447964
243913
78600
406670
269951
419040
441751
250704
273071
254270
429129
394115
118021
113929
153757
394436
72241
255150
263649
237706
444972
318445
439822
443708
251685
255650
322960
422282
452101
404282
497497
446279
270494
264571
422499
258584
250583
412143
267488
235454
438831
120857
278621
424553
100569
238899
423408
424551
496944
107158
333029
397047
375437
248071
240146
19983
252580
260779
101027
277850
2097
101531
563588
268919
513509
414490
439338
245803
410742
256636
412103
411318
405835
562546
31539
422638
436049
437606
421352
491986
117589
572750
440644
259345
438060
423283
229730
423343
246579
511821
275252
277496
405475
404628
81018
428883
437182
241504
246035
119927
257731
276625
393318
412289
571820
433194
424578
439168
111466
338912
428003
517010
323794
244186
257741
120969
405555
502349
270751
572763
448814
264034
275420
439474
425262
249470
99963
194578
432442
392342
425868
395919
244489
405216
286767
436073
322856
444228
431003
438166
445453
267781
112897
572045
263657
428036
284444
438690
393771
404119
112884
248040
425550
448201
402051
437511
430358
440477
428074
437680
399257
284923
30708
118603
270750
403213
423965
94191
387875
373538
95492
427521
325766
229694
335401
247964
423687
255953
412889
439626
120156
431021
427271
393726
254612
260505
242936
445039
283456
256444
251212
85507
483878
438090
439398
376796
259993
444714
260467
244211
453764
267610
392801
250429
247150
411641
440754
240627
266248
491873
397169
571253
256006
437223
334787
424864
115528
560934
262517
449866
219012
432262
281152
116338
436508
393704
395837
405582
429859
492567
452925
269090
453074
438595
118502
452585
257849
399512
405586
99601
372984
114835
503976
440430
258976
261523
436920
452036
265096
265950
330788
416987
105575
268964
529628
252581
496181
569759
498165
443236
396405
424703
256891
100887
449026
260978
229913
444674
405468
436433
527199
411919
265054
566430
402687
435105
233352
323358
402768
488746
30815
103268
261382
435765
423620
409774
444700
260047
434808
239989
515139
267001
269080
252486
410945
247925
413089
87674
256104
424857
251954
322672
113269
399932
399642
428540
404927
244019
565536
121634
112069
398523
402825
265686
252529
259022
82694
440680
572590
249903
425349
393892
117859
497452
558489
276916
387023
1954
394261
442576
278529
266262
54540
263133
270168
245098
442533
5994
442921
452321
119223
444553
572271
434493
284231
256595
437453
111549
412697
258591
254178
453573
250359
443427
277667
427084
487403
258021
267849
242923
252792
423761
422503
572641
119674
99181
443046
434497
560612
436343
241002
259373
505318
395411
406252
266428
117341
250125
395933
411500
404024
440002
497415
269668
443012
259840
392838
420159
396785
251797
240380
118448
424344
395733
405310
120076
267234
251781
253260
29666
423503
263241
273950
433018
420983
431602
77903
276786
403295
428410
425159
490038
262630
237291
282772
422644
253889
118278
402040
258944
499825
433960
80279
412209
271074
265506
262663
276832
232291
118178
279003
441456
260969
286130
266798
501487
248535
438222
438658
100635
270665
400471
444715
268806
570282
251945
393637
405895
285075
496976
276779
416789
218473
89251
262945
560744
560009
451839
15
82794
246099
279226
572573
489008
305197
420784
443908
119672
272047
451904
88528
118462
437588
401880
254465
447951
81864
430652
275926
418801
266802
266206
260092
84612
448705
422829
256269
431889
120873
269141
261110
429581
448337
408116
93287
5721
404507
571017
258144
78232
423095
99492
436139
572383
266275
392530
236730
396585
415087
392691
267746
565887
286792
410126
387845
406218
230635
434899
249789
234955
282503
276012
255746
272120
237133
244637
261969
287030
261525
427070
398293
465684
45472
250263
264532
572644
415468
264265
434335
264553
261372
396062
256369
276493
490196
52120
114071
486987
369975
453380
432065
409468
441580
412657
442683
59189
399776
285981
411345
272848
262058
445182
395490
434563
441519
55868
404489
94037
444546
233246
497097
435923
91782
282828
422119
403354
327329
105069
272448
403371
438695
252995
435898
110466
440778
452361
252761
391941
267861
276277
147926
118521
111532
434800
259294
411445
285844
267713
404760
434018
450131
423975
242552
88635
261822
249366
497483
337519
410498
572469
393768
279086
299277
252796
441888
444127
422439
250184
93708
278715
408830
280211
572404
93592
162955
279384
268535
276801
275876
424560
258607
572143
256453
452389
444280
282734
400362
268819
257752
272295
440108
91012
279545
111449
91652
572620
405039
241565
423749
394907
244547
441450
443279
237947
249480
232859
235986
120935
392742
82215
45695
248234
412246
278652
420216
411584
482597
277395
395398
251937
256702
246242
424423
407331
223424
405652
412850
435299
502139
440630
259356
405237
72363
259109
394247
260566
262980
263450
394397
419918
512533
393581
408779
6446
259426
95327
415309
111507
10283
252150
261516
396354
429258
428676
426735
272444
265933
440758
39734
271179
95659
239510
250217
268239
217773
426604
278111
406679
119650
264039
269598
232036
245887
276589
369995
414784
117190
103962
426454
5290
418168
424948
415472
452481
572350
453212
452033
4374
114228
558098
434936
302619
277162
113772
398726
450114
231151
444950
382123
113781
430972
409403
297308
248555
415078
415270
440981
559272
111712
267122
425150
249160
439386
427746
35615
267850
436064
268790
261308
497352
256890
394864
393543
495034
392890
89588
397710
431520
426093
557877
450151
279008
215563
271624
404831
278776
250965
446789
412465
395985
572587
403739
271188
438024
411482
443554
111846
426713
488590
432907
259184
432792
92871
80098
246286
271917
1509
44537
436738
264004
557549
282443
439919
412848
397642
434372
270207
441322
407647
119132
393494
439734
278508
396192
412309
259490
34378
433998
412903
98404
294562
269874
452806
259848
272174
441293
72767
266170
438561
36237
246956
45712
339257
274719
249155
341764
451582
265287
445340
570641
279577
245330
281959
249926
255440
259512
251192
402497
418033
559656
249990
422103
282841
266440
270329
45469
397414
512659
277246
101545
435940
119575
397505
244803
214895
258409
120262
266223
402685
393421
263496
250760
571765
259935
251851
561357
444264
395816
432450
438882
286530
392636
428297
112144
241114
423779
434590
430726
493007
270455
496910
476007
119822
79762
249370
251041
441404
406961
260949
427442
274777
572777
259964
437396
258600
250032
105752
431560
240237
569451
273082
88417
453137
439686
254321
572163
270367
79677
251639
436498
440634
276905
406279
64274
439086
251633
421044
71312
248971
513828
484199
561984
428494
407492
281165
571374
571729
452702
281091
403526
432101
258022
50745
430348
561297
484924
233293
395236
254577
267752
503161
237313
392253
436729
241174
267920
245932
437093
438377
371030
254204
283195
393137
270904
433811
434745
257795
442977
119746
567465
423717
484348
339981
216319
326232
431293
445806
79549
443647
118288
236300
245708
392523
100607
255482
413659
109026
283055
421916
412395
394378
95680
243182
244774
242807
264560
238139
427407
558440
279680
487136
267392
210920
279064
279342
419664
112171
263585
439784
569744
397813
241964
119633
452693
269185
244921
238337
277033
441517
408461
441273
434242
419109
383279
70887
325322
34502
259021
396863
268139
398715
423121
563630
246932
380674
255373
254343
99904
562901
264832
572748
439414
437522
244789
242100
415214
313647
40526
412724
395819
79373
249018
266252
275303
246625
441582
271517
393431
313707
265189
77874
318986
271694
419847
275472
244000
399769
405465
572209
239501
434081
441787
245173
294592
120835
247660
488841
240306
428256
428897
331132
113267
261304
439523
260161
441315
236077
424062
271574
397325
381117
438710
271449
88800
440977
425830
396120
439245
4638
34047
117835
436332
488363
433882
273850
442803
253718
30649
245902
428635
238685
254364
254062
250655
406137
281263
433510
117070
315022
421130
109422
396190
276483
268575
500998
571123
440173
568717
268899
279125
255895
254618
273374
244323
256810
238307
283819
408864
239272
425144
401031
439768
270749
570001
258509
418872
257510
511048
433662
436276
2997
401582
333347
266505
326372
119486
409524
247806
392741
265890
268447
242600
567341
115910
255719
265205
260896
255890
75444
246275
117400
286238
253580
392515
244935
62822
436861
423512
286596
256652
270679
572480
417987
79039
283108
105078
118949
269512
281716
94961
437842
392402
499299
90953
251260
429344
407536
253416
274834
329730
405225
394550
263385
446981
333031
268911
305910
425383
387214
275144
323318
433159
407833
428300
262186
497468
273750
66273
572321
444778